>CCTGTAATCCCA	1-CCTGTAATCCCA	9.901114	-478.224679	0	T:243.0(57.86%),B:4.3(0.22%),P:1e-207	Tpos:786.7,Tstd:496.8,Bpos:854.1,Bstd:255.9,StrandBias:-0.2,Multiplicity:2.66
0.010	0.949	0.002	0.039
0.004	0.965	0.004	0.027
0.008	0.002	0.002	0.988
0.044	0.009	0.946	0.001
0.002	0.009	0.001	0.988
0.984	0.002	0.012	0.002
0.823	0.001	0.171	0.005
0.001	0.013	0.002	0.984
0.001	0.965	0.007	0.027
0.002	0.939	0.001	0.058
0.007	0.964	0.001	0.028
0.994	0.002	0.002	0.002
>GGGAGGCKGAGG	2-GGGAGGCKGAGG	10.690501	-442.415951	0	T:254.0(60.48%),B:26.1(1.34%),P:1e-192	Tpos:830.2,Tstd:502.2,Bpos:1066.4,Bstd:829.5,StrandBias:-0.2,Multiplicity:2.93
0.245	0.056	0.600	0.099
0.089	0.001	0.887	0.023
0.132	0.019	0.840	0.009
0.882	0.019	0.052	0.047
0.161	0.024	0.796	0.019
0.160	0.028	0.774	0.038
0.061	0.670	0.099	0.170
0.165	0.212	0.259	0.363
0.151	0.033	0.807	0.009
0.910	0.005	0.071	0.014
0.094	0.005	0.892	0.009
0.174	0.071	0.736	0.019
>TTGCCCAGGCTG	3-TTGCCCAGGCTG	10.814327	-438.254499	0	T:231.0(55.00%),B:7.8(0.40%),P:1e-190	Tpos:822.7,Tstd:498.0,Bpos:1286.1,Bstd:480.5,StrandBias:0.3,Multiplicity:2.21
0.029	0.033	0.046	0.892
0.033	0.322	0.054	0.591
0.222	0.042	0.669	0.067
0.017	0.614	0.323	0.046
0.025	0.794	0.021	0.160
0.021	0.941	0.017	0.021
0.942	0.012	0.021	0.025
0.054	0.008	0.917	0.021
0.029	0.037	0.917	0.017
0.058	0.879	0.021	0.042
0.017	0.017	0.017	0.949
0.067	0.021	0.895	0.017
>GCACTTTGGGAG	4-GCACTTTGGGAG	9.943763	-388.228987	0	T:211.0(50.24%),B:8.9(0.46%),P:1e-168	Tpos:846.1,Tstd:506.9,Bpos:1169.4,Bstd:805.2,StrandBias:-0.0,Multiplicity:1.08
0.028	0.001	0.970	0.001
0.014	0.971	0.014	0.001
0.985	0.001	0.013	0.001
0.014	0.957	0.001	0.028
0.001	0.001	0.013	0.985
0.001	0.014	0.028	0.957
0.014	0.001	0.014	0.971
0.014	0.014	0.971	0.001
0.043	0.014	0.929	0.014
0.072	0.028	0.899	0.001
0.985	0.001	0.001	0.013
0.130	0.014	0.827	0.029
>AAAAAAAARAAA	5-AAAAAAAARAAA	7.796443	-375.330158	0	T:298.0(70.95%),B:144.8(7.44%),P:1e-163	Tpos:891.2,Tstd:535.2,Bpos:952.6,Bstd:848.2,StrandBias:0.1,Multiplicity:2.14
0.997	0.001	0.001	0.001
0.997	0.001	0.001	0.001
0.997	0.001	0.001	0.001
0.790	0.208	0.001	0.001
0.716	0.282	0.001	0.001
0.997	0.001	0.001	0.001
0.997	0.001	0.001	0.001
0.997	0.001	0.001	0.001
0.490	0.001	0.508	0.001
0.997	0.001	0.001	0.001
0.997	0.001	0.001	0.001
0.997	0.001	0.001	0.001
>GGGYGCRGTGGC	6-GGGYGCRGTGGC	10.603775	-372.014263	0	T:224.0(53.33%),B:26.8(1.38%),P:1e-161	Tpos:816.2,Tstd:491.4,Bpos:1111.3,Bstd:532.5,StrandBias:-0.3,Multiplicity:2.72
0.221	0.055	0.703	0.021
0.381	0.014	0.578	0.027
0.137	0.007	0.855	0.001
0.034	0.433	0.055	0.477
0.241	0.048	0.656	0.055
0.007	0.614	0.014	0.365
0.443	0.007	0.496	0.055
0.276	0.013	0.710	0.001
0.041	0.013	0.001	0.945
0.001	0.001	0.997	0.001
0.020	0.001	0.966	0.013
0.034	0.703	0.055	0.208
>CTCGAACTCCTG	7-CTCGAACTCCTG	10.927299	-357.929946	0	T:204.0(48.57%),B:13.9(0.72%),P:1e-155	Tpos:789.6,Tstd:490.2,Bpos:742.0,Bstd:911.6,StrandBias:0.3,Multiplicity:1.65
0.001	0.888	0.031	0.080
0.031	0.063	0.001	0.905
0.016	0.585	0.111	0.288
0.191	0.202	0.575	0.032
0.967	0.001	0.031	0.001
0.727	0.081	0.032	0.160
0.016	0.809	0.032	0.143
0.042	0.031	0.001	0.926
0.032	0.870	0.032	0.066
0.001	0.967	0.001	0.031
0.047	0.111	0.016	0.826
0.111	0.016	0.857	0.016
>TTGCAGTGAGCC	8-TTGCAGTGAGCC	9.980657	-357.466717	0	T:193.0(45.95%),B:5.2(0.27%),P:1e-155	Tpos:824.0,Tstd:481.5,Bpos:1506.2,Bstd:285.6,StrandBias:-0.1,Multiplicity:1.42
0.004	0.105	0.001	0.890
0.001	0.004	0.001	0.994
0.018	0.001	0.977	0.004
0.004	0.991	0.001	0.004
0.968	0.001	0.027	0.004
0.018	0.001	0.972	0.009
0.004	0.004	0.001	0.991
0.004	0.001	0.991	0.004
0.991	0.004	0.001	0.004
0.001	0.001	0.997	0.001
0.001	0.997	0.001	0.001
0.014	0.820	0.009	0.157
>TTTTTAGTAGAG	9-TTTTTAGTAGAG	10.355723	-354.485473	0	T:200.0(47.62%),B:11.3(0.58%),P:1e-153	Tpos:798.4,Tstd:493.4,Bpos:780.9,Bstd:427.2,StrandBias:0.2,Multiplicity:1.53
0.038	0.030	0.004	0.928
0.001	0.001	0.003	0.995
0.001	0.003	0.001	0.995
0.004	0.004	0.001	0.991
0.001	0.021	0.004	0.974
0.854	0.004	0.021	0.121
0.017	0.004	0.978	0.001
0.001	0.017	0.012	0.970
0.961	0.001	0.034	0.004
0.030	0.013	0.944	0.013
0.983	0.004	0.012	0.001
0.017	0.012	0.970	0.001
>YRGGCRTGGTGG	10-YRGGCRTGGTGG	8.864240	-354.083061	0	T:279.0(66.43%),B:123.2(6.33%),P:1e-153	Tpos:823.2,Tstd:516.0,Bpos:950.1,Bstd:720.6,StrandBias:-0.3,Multiplicity:1.41
0.008	0.514	0.001	0.477
0.462	0.042	0.462	0.034
0.050	0.001	0.948	0.001
0.119	0.067	0.806	0.008
0.042	0.599	0.042	0.317
0.445	0.110	0.411	0.034
0.051	0.270	0.126	0.553
0.085	0.001	0.830	0.084
0.058	0.001	0.940	0.001
0.126	0.001	0.025	0.848
0.072	0.001	0.926	0.001
0.008	0.059	0.877	0.056
>GRGTYTCACYMT	11-GRGTYTCACYMT	9.546153	-333.710680	0	T:231.0(55.00%),B:56.5(2.90%),P:1e-144	Tpos:816.7,Tstd:501.4,Bpos:994.6,Bstd:687.9,StrandBias:0.1,Multiplicity:2.05
0.111	0.022	0.832	0.035
0.401	0.013	0.538	0.048
0.136	0.001	0.775	0.088
0.016	0.079	0.041	0.864
0.001	0.432	0.035	0.532
0.038	0.057	0.016	0.889
0.006	0.766	0.022	0.206
0.490	0.086	0.329	0.095
0.067	0.800	0.047	0.086
0.057	0.434	0.003	0.506
0.419	0.410	0.082	0.089
0.001	0.066	0.044	0.889
>TCAAGTGATCCT	12-TCAAGTGATCCT	9.161501	-331.839801	0	T:201.0(47.86%),B:21.6(1.11%),P:1e-144	Tpos:821.8,Tstd:478.5,Bpos:1076.2,Bstd:768.7,StrandBias:0.4,Multiplicity:2.05
0.001	0.001	0.001	0.997
0.001	0.997	0.001	0.001
0.997	0.001	0.001	0.001
0.691	0.001	0.307	0.001
0.001	0.001	0.997	0.001
0.007	0.352	0.010	0.631
0.013	0.003	0.983	0.001
0.997	0.001	0.001	0.001
0.001	0.001	0.001	0.997
0.001	0.630	0.001	0.368
0.001	0.876	0.001	0.122
0.231	0.001	0.201	0.567
>TGGCCAGGCTGG	13-TGGCCAGGCTGG	8.010818	-311.332047	0	T:318.0(75.71%),B:272.2(13.99%),P:1e-135	Tpos:937.8,Tstd:569.5,Bpos:1012.3,Bstd:758.8,StrandBias:-0.2,Multiplicity:1.66
0.292	0.018	0.166	0.524
0.164	0.001	0.834	0.001
0.113	0.270	0.577	0.040
0.148	0.732	0.031	0.089
0.132	0.814	0.001	0.053
0.865	0.001	0.017	0.117
0.095	0.001	0.895	0.009
0.080	0.135	0.767	0.018
0.269	0.547	0.148	0.036
0.274	0.001	0.001	0.724
0.035	0.001	0.920	0.044
0.115	0.013	0.837	0.035
>ACCCRGGAGGCD	14-ACCCRGGAGGCD	8.364058	-309.026170	0	T:291.0(69.29%),B:198.2(10.19%),P:1e-134	Tpos:1029.7,Tstd:590.3,Bpos:1035.1,Bstd:687.2,StrandBias:0.0,Multiplicity:1.40
0.517	0.063	0.287	0.133
0.021	0.853	0.125	0.001
0.007	0.800	0.001	0.192
0.070	0.621	0.001	0.308
0.470	0.001	0.394	0.136
0.001	0.001	0.997	0.001
0.035	0.063	0.901	0.001
0.964	0.001	0.001	0.034
0.027	0.001	0.971	0.001
0.063	0.084	0.852	0.001
0.238	0.601	0.070	0.091
0.231	0.175	0.268	0.325
>TTTTTYTTTBTK	15-TTTTTYTTTBTK	7.491192	-307.627162	0	T:366.0(87.14%),B:460.6(23.67%),P:1e-133	Tpos:897.4,Tstd:533.8,Bpos:996.7,Bstd:829.1,StrandBias:-0.1,Multiplicity:1.67
0.085	0.048	0.063	0.804
0.062	0.199	0.259	0.480
0.081	0.061	0.045	0.813
0.254	0.062	0.264	0.420
0.065	0.060	0.057	0.818
0.168	0.234	0.218	0.380
0.211	0.042	0.112	0.635
0.196	0.221	0.198	0.384
0.074	0.056	0.047	0.823
0.159	0.240	0.230	0.372
0.254	0.049	0.039	0.658
0.183	0.193	0.256	0.368
>CAAGCGATTCTC	16-CAAGCGATTCTC	9.661490	-304.331451	0	T:226.0(53.81%),B:70.0(3.60%),P:1e-132	Tpos:904.5,Tstd:538.8,Bpos:904.6,Bstd:745.8,StrandBias:-0.1,Multiplicity:1.20
0.001	0.997	0.001	0.001
0.768	0.193	0.038	0.001
0.703	0.129	0.109	0.059
0.187	0.096	0.716	0.001
0.121	0.556	0.038	0.285
0.205	0.234	0.406	0.154
0.853	0.057	0.089	0.001
0.019	0.051	0.155	0.775
0.001	0.213	0.019	0.767
0.001	0.903	0.001	0.095
0.001	0.096	0.001	0.902
0.001	0.980	0.001	0.018
>GCTAATTTTTWW	17-GCTAATTTTTWW	11.210277	-296.632589	0	T:168.0(40.00%),B:7.6(0.39%),P:1e-128	Tpos:811.6,Tstd:489.8,Bpos:793.3,Bstd:371.5,StrandBias:0.5,Multiplicity:1.25
0.018	0.001	0.980	0.001
0.175	0.601	0.088	0.136
0.135	0.009	0.001	0.855
0.786	0.029	0.117	0.068
0.884	0.001	0.096	0.019
0.116	0.001	0.106	0.777
0.039	0.019	0.136	0.806
0.126	0.087	0.068	0.719
0.106	0.001	0.048	0.845
0.039	0.174	0.300	0.487
0.360	0.001	0.223	0.416
0.457	0.068	0.165	0.311
>CCTYTYTCCCTC	18-CCTYTYTCCCTC	7.202582	-222.329477	0	T:374.0(89.05%),B:684.2(35.17%),P:1e-96	Tpos:1015.8,Tstd:543.6,Bpos:958.8,Bstd:772.5,StrandBias:-0.2,Multiplicity:2.40
0.042	0.561	0.042	0.355
0.032	0.599	0.018	0.351
0.033	0.299	0.031	0.637
0.036	0.508	0.046	0.410
0.032	0.380	0.024	0.564
0.025	0.520	0.041	0.414
0.036	0.288	0.031	0.645
0.032	0.527	0.083	0.358
0.146	0.584	0.026	0.244
0.064	0.533	0.022	0.381
0.036	0.334	0.038	0.592
0.046	0.603	0.043	0.308
>GGGGGGGGGGGG	19-GGGGGGGGGGGG	7.196836	-152.743678	0	T:263.0(62.62%),B:370.1(19.02%),P:1e-66	Tpos:1484.2,Tstd:566.9,Bpos:1019.7,Bstd:741.3,StrandBias:-0.3,Multiplicity:2.40
0.039	0.027	0.806	0.128
0.054	0.173	0.694	0.079
0.128	0.249	0.572	0.051
0.145	0.238	0.504	0.113
0.189	0.136	0.538	0.137
0.038	0.105	0.750	0.107
0.006	0.142	0.805	0.047
0.174	0.237	0.545	0.044
0.198	0.197	0.522	0.083
0.184	0.160	0.550	0.106
0.140	0.117	0.669	0.074
0.178	0.034	0.775	0.013
>WWWWTTTTAAAA	20-WWWWTTTTAAAA	7.766855	-145.954451	0	T:210.0(50.00%),B:221.4(11.38%),P:1e-63	Tpos:927.9,Tstd:534.0,Bpos:1023.9,Bstd:731.3,StrandBias:0.2,Multiplicity:1.46
0.397	0.133	0.156	0.314
0.439	0.108	0.106	0.346
0.394	0.156	0.123	0.328
0.360	0.172	0.091	0.377
0.212	0.171	0.149	0.468
0.090	0.064	0.105	0.741
0.153	0.013	0.017	0.817
0.298	0.068	0.141	0.493
0.489	0.086	0.089	0.336
0.815	0.019	0.141	0.025
0.787	0.019	0.049	0.145
0.594	0.051	0.060	0.295
>GTGTGTGTGTGT	21-GTGTGTGTGTGT	9.273327	-121.994016	0	T:104.0(24.76%),B:34.7(1.78%),P:1e-52	Tpos:1093.6,Tstd:525.3,Bpos:804.7,Bstd:614.8,StrandBias:-0.3,Multiplicity:1.42
0.111	0.104	0.651	0.134
0.099	0.073	0.102	0.726
0.080	0.088	0.728	0.104
0.097	0.050	0.063	0.790
0.086	0.054	0.767	0.093
0.078	0.045	0.075	0.802
0.101	0.086	0.745	0.068
0.048	0.045	0.074	0.833
0.104	0.037	0.745	0.114
0.067	0.019	0.073	0.841
0.095	0.102	0.644	0.159
0.108	0.071	0.119	0.702
>ACCTCGTGATCC	22-ACCTCGTGATCC	11.284458	-119.174486	0	T:72.0(17.14%),B:3.3(0.17%),P:1e-51	Tpos:875.0,Tstd:523.6,Bpos:1179.1,Bstd:490.8,StrandBias:0.3,Multiplicity:1.13
0.969	0.015	0.015	0.001
0.001	0.997	0.001	0.001
0.001	0.969	0.015	0.015
0.001	0.001	0.001	0.997
0.015	0.908	0.015	0.062
0.137	0.001	0.847	0.015
0.015	0.001	0.015	0.969
0.001	0.015	0.969	0.015
0.997	0.001	0.001	0.001
0.001	0.001	0.001	0.997
0.015	0.969	0.001	0.015
0.001	0.877	0.015	0.107
>TTCATTCATTCA	23-TTCATTCATTCA	9.597926	-73.025376	0	T:91.0(21.67%),B:65.6(3.37%),P:1e-31	Tpos:1069.4,Tstd:484.9,Bpos:978.1,Bstd:601.8,StrandBias:0.1,Multiplicity:1.13
0.065	0.058	0.051	0.826
0.061	0.072	0.065	0.802
0.077	0.812	0.026	0.085
0.848	0.080	0.043	0.029
0.007	0.073	0.029	0.891
0.043	0.084	0.036	0.837
0.074	0.757	0.058	0.111
0.853	0.065	0.029	0.053
0.029	0.058	0.051	0.862
0.022	0.072	0.043	0.863
0.092	0.743	0.058	0.107
0.913	0.043	0.029	0.015
>ATAATAATAATA	24-ATAATAATAATA	10.383558	-53.248267	0	T:57.0(13.57%),B:30.1(1.55%),P:1e-23	Tpos:915.8,Tstd:499.5,Bpos:926.8,Bstd:935.7,StrandBias:0.1,Multiplicity:1.12
0.997	0.001	0.001	0.001
0.168	0.032	0.023	0.777
0.967	0.001	0.031	0.001
0.997	0.001	0.001	0.001
0.001	0.001	0.001	0.997
0.967	0.001	0.031	0.001
0.983	0.001	0.015	0.001
0.001	0.001	0.001	0.997
0.983	0.015	0.001	0.001
0.976	0.001	0.022	0.001
0.031	0.016	0.001	0.952
0.906	0.001	0.030	0.063
>TATATATATATA	25-TATATATATATA	10.216010	-35.578520	0	T:44.0(10.48%),B:30.6(1.57%),P:1e-15	Tpos:954.1,Tstd:364.1,Bpos:1206.0,Bstd:651.6,StrandBias:0.0,Multiplicity:1.17
0.110	0.066	0.035	0.789
0.844	0.046	0.083	0.027
0.052	0.048	0.031	0.869
0.784	0.026	0.105	0.085
0.053	0.038	0.023	0.886
0.814	0.006	0.064	0.116
0.051	0.059	0.011	0.879
0.838	0.032	0.057	0.073
0.047	0.051	0.026	0.876
0.818	0.026	0.046	0.110
0.102	0.085	0.018	0.795
0.814	0.026	0.094	0.066
