>TCAAACCATT	1-TCAAACCATT	9.344192	-35.053669	0	T:32.0(23.02%),B:20.9(2.55%),P:1e-15	Tpos:822.2,Tstd:416.6,Bpos:980.5,Bstd:541.8,StrandBias:-0.6,Multiplicity:1.09
0.001	0.001	0.084	0.914
0.095	0.903	0.001	0.001
0.997	0.001	0.001	0.001
0.873	0.001	0.125	0.001
0.635	0.249	0.029	0.087
0.248	0.750	0.001	0.001
0.248	0.750	0.001	0.001
0.997	0.001	0.001	0.001
0.001	0.001	0.001	0.997
0.001	0.001	0.001	0.997
>TATTAAGGAA	2-TATTAAGGAA	9.776271	-32.975610	0	T:21.0(15.11%),B:4.6(0.56%),P:1e-14	Tpos:687.3,Tstd:598.0,Bpos:983.1,Bstd:735.3,StrandBias:0.2,Multiplicity:1.24
0.001	0.001	0.001	0.997
0.997	0.001	0.001	0.001
0.196	0.001	0.066	0.737
0.001	0.001	0.001	0.997
0.598	0.098	0.001	0.303
0.901	0.001	0.001	0.097
0.133	0.001	0.865	0.001
0.001	0.098	0.705	0.196
0.997	0.001	0.001	0.001
0.901	0.001	0.001	0.097
>AAACAARCAA	3-AAACAARCAA	10.020400	-30.414141	0	T:40.0(28.78%),B:47.7(5.83%),P:1e-13	Tpos:930.1,Tstd:497.8,Bpos:1091.7,Bstd:774.7,StrandBias:0.3,Multiplicity:1.10
0.997	0.001	0.001	0.001
0.692	0.001	0.057	0.250
0.997	0.001	0.001	0.001
0.099	0.604	0.001	0.296
0.647	0.256	0.001	0.096
0.981	0.017	0.001	0.001
0.421	0.013	0.565	0.001
0.114	0.884	0.001	0.001
0.997	0.001	0.001	0.001
0.842	0.001	0.156	0.001
>TTCTGTTACC	4-TTCTGTTACC	8.921107	-29.922528	0	T:36.0(25.90%),B:38.0(4.63%),P:1e-12	Tpos:892.9,Tstd:570.9,Bpos:995.3,Bstd:866.8,StrandBias:0.4,Multiplicity:1.20
0.001	0.001	0.153	0.845
0.196	0.175	0.087	0.542
0.001	0.804	0.194	0.001
0.153	0.001	0.001	0.845
0.001	0.001	0.739	0.259
0.002	0.153	0.067	0.778
0.001	0.238	0.001	0.760
0.955	0.001	0.001	0.043
0.001	0.869	0.001	0.129
0.108	0.890	0.001	0.001
>TTTCRCTTTC	5-TTTCRCTTTC	8.041323	-28.551198	0	T:69.0(49.64%),B:159.9(19.51%),P:1e-12	Tpos:1071.6,Tstd:619.7,Bpos:1003.7,Bstd:966.6,StrandBias:1.0,Multiplicity:1.28
0.001	0.029	0.001	0.969
0.005	0.001	0.005	0.989
0.001	0.001	0.001	0.997
0.001	0.746	0.001	0.252
0.555	0.009	0.435	0.001
0.001	0.531	0.310	0.158
0.001	0.001	0.001	0.997
0.001	0.001	0.095	0.903
0.048	0.048	0.001	0.903
0.005	0.993	0.001	0.001
>TTAGTTTGGA	6-TTAGTTTGGA	9.953061	-28.216231	0	T:30.0(21.58%),B:25.9(3.17%),P:1e-12	Tpos:985.8,Tstd:496.8,Bpos:1171.8,Bstd:547.3,StrandBias:0.7,Multiplicity:1.07
0.001	0.001	0.001	0.997
0.001	0.362	0.001	0.636
0.995	0.001	0.002	0.002
0.001	0.041	0.844	0.114
0.195	0.221	0.012	0.572
0.001	0.058	0.001	0.940
0.001	0.001	0.129	0.869
0.386	0.001	0.612	0.001
0.281	0.003	0.711	0.005
0.861	0.082	0.056	0.001
>GTAGCCTTTY	7-GTAGCCTTTY	8.178318	-26.969308	0	T:53.0(38.13%),B:100.0(12.20%),P:1e-11	Tpos:742.2,Tstd:495.3,Bpos:846.5,Bstd:733.6,StrandBias:0.6,Multiplicity:1.26
0.353	0.002	0.531	0.114
0.113	0.016	0.001	0.870
0.997	0.001	0.001	0.001
0.262	0.054	0.531	0.153
0.001	0.754	0.193	0.052
0.277	0.721	0.001	0.001
0.001	0.051	0.001	0.947
0.001	0.001	0.001	0.997
0.104	0.001	0.177	0.718
0.001	0.549	0.001	0.449
>AACAGCTACT	8-AACAGCTACT	10.279899	-26.889239	0	T:16.0(11.51%),B:2.5(0.31%),P:1e-11	Tpos:1044.8,Tstd:591.1,Bpos:475.4,Bstd:607.9,StrandBias:0.0,Multiplicity:1.00
0.905	0.001	0.001	0.093
0.997	0.001	0.001	0.001
0.138	0.860	0.001	0.001
0.860	0.001	0.001	0.138
0.001	0.138	0.860	0.001
0.139	0.582	0.278	0.001
0.001	0.001	0.001	0.997
0.817	0.001	0.001	0.181
0.001	0.997	0.001	0.001
0.001	0.001	0.001	0.997
>CAAACAGATA	9-CAAACAGATA	7.624131	-26.549187	0	T:55.0(39.57%),B:108.3(13.22%),P:1e-11	Tpos:907.3,Tstd:564.1,Bpos:928.1,Bstd:780.7,StrandBias:-0.4,Multiplicity:1.30
0.125	0.711	0.032	0.132
0.845	0.035	0.040	0.080
0.808	0.069	0.054	0.069
0.784	0.051	0.096	0.069
0.067	0.815	0.082	0.036
0.899	0.001	0.045	0.055
0.064	0.127	0.737	0.072
0.741	0.090	0.059	0.110
0.049	0.039	0.101	0.811
0.855	0.078	0.027	0.040
>TGAGTATTTT	10-TGAGTATTTT	10.023138	-26.198915	0	T:26.0(18.71%),B:19.9(2.43%),P:1e-11	Tpos:1053.7,Tstd:569.0,Bpos:1317.2,Bstd:527.5,StrandBias:0.2,Multiplicity:1.00
0.096	0.001	0.096	0.807
0.001	0.001	0.997	0.001
0.997	0.001	0.001	0.001
0.040	0.001	0.817	0.142
0.096	0.001	0.065	0.838
0.806	0.049	0.096	0.049
0.001	0.095	0.001	0.903
0.001	0.001	0.001	0.997
0.001	0.001	0.001	0.997
0.096	0.013	0.001	0.890
>TAGGATATAA	11-TAGGATATAA	8.775371	-26.086021	0	T:29.0(20.86%),B:26.7(3.25%),P:1e-11	Tpos:901.3,Tstd:538.9,Bpos:714.6,Bstd:672.0,StrandBias:0.3,Multiplicity:1.21
0.001	0.001	0.001	0.997
0.773	0.001	0.165	0.061
0.061	0.001	0.691	0.247
0.012	0.062	0.794	0.132
0.785	0.153	0.001	0.061
0.031	0.061	0.001	0.907
0.619	0.001	0.215	0.165
0.246	0.001	0.001	0.752
0.997	0.001	0.001	0.001
0.997	0.001	0.001	0.001
>AAGGCSAGCT	12-AAGGCSAGCT	10.109499	-25.963460	0	T:18.0(12.95%),B:5.3(0.64%),P:1e-11	Tpos:967.7,Tstd:595.1,Bpos:721.6,Bstd:174.5,StrandBias:-0.5,Multiplicity:1.06
0.997	0.001	0.001	0.001
0.919	0.001	0.001	0.079
0.159	0.001	0.761	0.079
0.001	0.160	0.838	0.001
0.079	0.919	0.001	0.001
0.001	0.492	0.400	0.107
0.997	0.001	0.001	0.001
0.159	0.001	0.839	0.001
0.001	0.667	0.331	0.001
0.001	0.079	0.159	0.761
>TTAGATCTAT	13-TTAGATCTAT	7.726845	-25.843882	0	T:38.0(27.34%),B:51.6(6.30%),P:1e-11	Tpos:1008.5,Tstd:536.3,Bpos:895.2,Bstd:651.8,StrandBias:0.3,Multiplicity:1.17
0.082	0.160	0.071	0.687
0.027	0.036	0.029	0.908
0.853	0.027	0.047	0.073
0.145	0.098	0.658	0.099
0.750	0.152	0.027	0.071
0.037	0.027	0.140	0.796
0.053	0.788	0.106	0.053
0.079	0.001	0.001	0.919
0.794	0.027	0.072	0.107
0.053	0.071	0.018	0.858
>TACATCAAGT	14-TACATCAAGT	10.568213	-25.591854	0	T:13.0(9.35%),B:1.0(0.12%),P:1e-11	Tpos:938.5,Tstd:590.6,Bpos:133.0,Bstd:0.0,StrandBias:1.0,Multiplicity:1.25
0.001	0.001	0.001	0.997
0.896	0.102	0.001	0.001
0.001	0.997	0.001	0.001
0.896	0.001	0.001	0.102
0.103	0.001	0.070	0.826
0.001	0.896	0.001	0.102
0.997	0.001	0.001	0.001
0.689	0.207	0.001	0.103
0.102	0.001	0.896	0.001
0.102	0.001	0.001	0.896
>TGTGAAAGTA	15-TGTGAAAGTA	8.076726	-25.503267	0	T:31.0(22.30%),B:32.0(3.90%),P:1e-11	Tpos:812.1,Tstd:521.2,Bpos:899.5,Bstd:617.6,StrandBias:-0.1,Multiplicity:1.19
0.001	0.257	0.001	0.741
0.001	0.030	0.928	0.041
0.001	0.001	0.001	0.997
0.001	0.001	0.997	0.001
0.741	0.001	0.001	0.257
0.997	0.001	0.001	0.001
0.824	0.001	0.001	0.174
0.001	0.001	0.997	0.001
0.001	0.001	0.041	0.957
0.804	0.020	0.175	0.001
>CCGCCCCGCT	16-CCGCCCCGCT	7.784826	-25.357191	0	T:80.0(57.55%),B:225.3(27.49%),P:1e-11	Tpos:1572.0,Tstd:486.0,Bpos:1267.7,Bstd:559.1,StrandBias:0.7,Multiplicity:2.34
0.001	0.997	0.001	0.001
0.044	0.936	0.001	0.019
0.035	0.001	0.897	0.067
0.035	0.953	0.001	0.011
0.017	0.750	0.017	0.216
0.001	0.946	0.052	0.001
0.001	0.960	0.013	0.026
0.062	0.010	0.902	0.026
0.001	0.997	0.001	0.001
0.001	0.237	0.060	0.702
>AGGAACTTWC	17-AGGAACTTWC	7.803333	-24.811028	0	T:41.0(29.50%),B:63.8(7.79%),P:1e-10	Tpos:808.1,Tstd:500.7,Bpos:975.6,Bstd:814.1,StrandBias:-0.2,Multiplicity:1.21
0.942	0.034	0.023	0.001
0.035	0.035	0.725	0.205
0.236	0.155	0.540	0.069
0.802	0.023	0.106	0.069
0.672	0.001	0.128	0.199
0.175	0.539	0.283	0.003
0.189	0.024	0.035	0.752
0.081	0.023	0.152	0.744
0.389	0.131	0.001	0.479
0.059	0.846	0.094	0.001
>TACATCCAAG	18-TACATCCAAG	7.980531	-24.715627	0	T:40.0(28.78%),B:60.2(7.35%),P:1e-10	Tpos:902.9,Tstd:563.4,Bpos:915.4,Bstd:774.0,StrandBias:0.1,Multiplicity:1.21
0.080	0.164	0.045	0.711
0.778	0.061	0.035	0.126
0.045	0.833	0.044	0.078
0.809	0.094	0.001	0.096
0.070	0.087	0.084	0.759
0.044	0.644	0.165	0.147
0.061	0.824	0.054	0.061
0.885	0.037	0.052	0.026
0.903	0.026	0.027	0.044
0.044	0.035	0.867	0.054
>TTAAAAACCA	19-TTAAAAACCA	9.104554	-23.917276	0	T:20.0(14.39%),B:10.8(1.32%),P:1e-10	Tpos:1015.3,Tstd:493.1,Bpos:1283.2,Bstd:647.0,StrandBias:-0.5,Multiplicity:1.10
0.100	0.001	0.001	0.898
0.001	0.001	0.001	0.997
0.930	0.001	0.068	0.001
0.997	0.001	0.001	0.001
0.997	0.001	0.001	0.001
0.930	0.068	0.001	0.001
0.747	0.051	0.101	0.101
0.001	0.997	0.001	0.001
0.001	0.997	0.001	0.001
0.997	0.001	0.001	0.001
>AAACGTACGT	20-AAACGTACGT	7.891729	-23.770044	0	T:27.0(19.42%),B:25.0(3.05%),P:1e-10	Tpos:886.6,Tstd:592.0,Bpos:819.2,Bstd:701.7,StrandBias:0.3,Multiplicity:1.12
0.810	0.108	0.001	0.081
0.885	0.027	0.001	0.087
0.919	0.001	0.040	0.040
0.068	0.818	0.033	0.081
0.217	0.040	0.742	0.001
0.041	0.164	0.028	0.767
0.769	0.149	0.081	0.001
0.001	0.836	0.068	0.095
0.149	0.109	0.616	0.126
0.027	0.108	0.001	0.864
>TTTGAATTGT	21-TTTGAATTGT	10.670550	-23.583799	0	T:12.0(8.63%),B:0.0(0.00%),P:1e-10	Tpos:924.2,Tstd:608.3,Bpos:0.0,Bstd:0.0,StrandBias:1.3,Multiplicity:1.17
0.001	0.113	0.035	0.851
0.001	0.113	0.113	0.773
0.001	0.001	0.001	0.997
0.001	0.077	0.899	0.023
0.717	0.057	0.113	0.113
0.997	0.001	0.001	0.001
0.001	0.112	0.001	0.886
0.001	0.001	0.001	0.997
0.001	0.001	0.985	0.013
0.112	0.001	0.001	0.886
>GCGTCTCACT	22-GCGTCTCACT	10.410824	-23.319031	0	T:15.0(10.79%),B:3.7(0.45%),P:1e-10	Tpos:958.7,Tstd:574.5,Bpos:1418.8,Bstd:444.8,StrandBias:-0.6,Multiplicity:1.00
0.001	0.001	0.997	0.001
0.001	0.921	0.001	0.077
0.001	0.114	0.884	0.001
0.001	0.115	0.115	0.769
0.001	0.884	0.001	0.114
0.114	0.001	0.001	0.884
0.001	0.997	0.001	0.001
0.884	0.001	0.114	0.001
0.001	0.997	0.001	0.001
0.114	0.001	0.001	0.884
>CTCTTTATAA	23-CTCTTTATAA	10.534039	-23.319031	0	T:15.0(10.79%),B:3.3(0.40%),P:1e-10	Tpos:1129.4,Tstd:653.0,Bpos:565.3,Bstd:398.4,StrandBias:-0.2,Multiplicity:1.07
0.001	0.806	0.192	0.001
0.001	0.001	0.192	0.806
0.001	0.868	0.130	0.001
0.001	0.192	0.001	0.806
0.001	0.001	0.001	0.997
0.001	0.001	0.001	0.997
0.899	0.099	0.001	0.001
0.001	0.001	0.192	0.806
0.997	0.001	0.001	0.001
0.997	0.001	0.001	0.001
>KTGCTGACAA	24-KTGCTGACAA	7.161536	-23.318986	0	T:48.0(34.53%),B:92.5(11.28%),P:1e-10	Tpos:944.6,Tstd:558.3,Bpos:922.7,Bstd:793.6,StrandBias:0.3,Multiplicity:1.18
0.014	0.240	0.413	0.334
0.014	0.163	0.016	0.807
0.021	0.021	0.625	0.333
0.130	0.637	0.019	0.214
0.386	0.008	0.016	0.590
0.280	0.004	0.561	0.155
0.505	0.190	0.016	0.289
0.201	0.563	0.086	0.150
0.716	0.040	0.222	0.022
0.442	0.116	0.271	0.170
>CACGGCTTCT	25-CACGGCTTCT	9.725262	-23.316434	0	T:37.0(26.62%),B:54.9(6.70%),P:1e-10	Tpos:1065.6,Tstd:621.6,Bpos:1009.6,Bstd:665.1,StrandBias:-0.1,Multiplicity:1.06
0.001	0.997	0.001	0.001
0.757	0.001	0.001	0.241
0.001	0.997	0.001	0.001
0.228	0.160	0.567	0.045
0.001	0.001	0.901	0.097
0.001	0.901	0.001	0.097
0.001	0.001	0.001	0.997
0.001	0.001	0.117	0.881
0.001	0.663	0.098	0.238
0.001	0.001	0.001	0.997
>CAGCTGCCCA	26-CAGCTGCCCA	7.703048	-23.266538	0	T:58.0(41.73%),B:132.6(16.18%),P:1e-10	Tpos:1125.6,Tstd:562.8,Bpos:946.7,Bstd:755.1,StrandBias:-0.2,Multiplicity:1.31
0.323	0.675	0.001	0.001
0.684	0.001	0.314	0.001
0.001	0.001	0.997	0.001
0.001	0.997	0.001	0.001
0.001	0.097	0.001	0.901
0.097	0.001	0.901	0.001
0.001	0.997	0.001	0.001
0.001	0.997	0.001	0.001
0.003	0.995	0.001	0.001
0.834	0.001	0.116	0.049
>SSTGCCBTGC	27-SSTGCCBTGC	7.709898	-23.263525	0	T:69.0(49.64%),B:181.8(22.19%),P:1e-10	Tpos:1310.4,Tstd:576.7,Bpos:949.5,Bstd:620.7,StrandBias:0.4,Multiplicity:1.69
0.237	0.415	0.309	0.038
0.015	0.442	0.510	0.033
0.161	0.106	0.121	0.612
0.018	0.032	0.916	0.034
0.027	0.883	0.054	0.036
0.074	0.711	0.034	0.181
0.086	0.302	0.371	0.241
0.202	0.020	0.311	0.467
0.017	0.394	0.567	0.022
0.041	0.743	0.053	0.163
>YAGCGCTTTC	28-YAGCGCTTTC	10.354284	-22.517206	0	T:18.0(12.95%),B:8.3(1.01%),P:1e-9	Tpos:1177.6,Tstd:562.6,Bpos:583.7,Bstd:232.7,StrandBias:0.4,Multiplicity:1.00
0.081	0.437	0.001	0.481
0.997	0.001	0.001	0.001
0.001	0.119	0.761	0.119
0.238	0.760	0.001	0.001
0.001	0.279	0.601	0.119
0.001	0.997	0.001	0.001
0.001	0.001	0.001	0.997
0.001	0.001	0.001	0.997
0.001	0.080	0.001	0.918
0.001	0.997	0.001	0.001
>CTAGTGTCTT	29-CTAGTGTCTT	6.326321	-22.392897	0	T:16.0(11.51%),B:5.2(0.63%),P:1e-9	Tpos:576.1,Tstd:378.2,Bpos:1274.9,Bstd:255.2,StrandBias:0.4,Multiplicity:1.07
0.196	0.386	0.201	0.217
0.304	0.079	0.007	0.610
0.407	0.160	0.228	0.205
0.267	0.169	0.454	0.110
0.150	0.053	0.080	0.717
0.008	0.067	0.614	0.311
0.166	0.064	0.167	0.603
0.122	0.425	0.197	0.257
0.168	0.186	0.084	0.562
0.014	0.186	0.216	0.584
>GAGGGCCAGC	30-GAGGGCCAGC	8.110673	-22.336213	0	T:26.0(18.71%),B:25.3(3.09%),P:1e-9	Tpos:1075.6,Tstd:485.8,Bpos:1023.2,Bstd:520.1,StrandBias:-0.4,Multiplicity:1.23
0.186	0.257	0.518	0.039
0.505	0.203	0.273	0.019
0.057	0.031	0.889	0.023
0.029	0.023	0.603	0.345
0.232	0.040	0.471	0.257
0.104	0.553	0.327	0.016
0.061	0.883	0.029	0.027
0.668	0.049	0.199	0.084
0.027	0.269	0.670	0.034
0.220	0.560	0.205	0.015
>ACGGAGCTGG	31-ACGGAGCTGG	7.897189	-22.298650	0	T:43.0(30.94%),B:77.7(9.48%),P:1e-9	Tpos:1078.7,Tstd:547.8,Bpos:1121.5,Bstd:598.2,StrandBias:0.5,Multiplicity:1.21
0.546	0.188	0.060	0.206
0.244	0.556	0.181	0.019
0.165	0.171	0.438	0.226
0.067	0.055	0.825	0.053
0.578	0.156	0.032	0.234
0.064	0.218	0.675	0.043
0.024	0.678	0.258	0.040
0.246	0.020	0.046	0.688
0.032	0.040	0.870	0.058
0.055	0.060	0.707	0.178
>TGCCGCTGGC	32-TGCCGCTGGC	9.787738	-22.204635	0	T:22.0(15.83%),B:16.8(2.05%),P:1e-9	Tpos:1282.9,Tstd:555.1,Bpos:1082.7,Bstd:539.4,StrandBias:-0.1,Multiplicity:1.15
0.001	0.001	0.111	0.887
0.001	0.034	0.964	0.001
0.111	0.887	0.001	0.001
0.001	0.997	0.001	0.001
0.001	0.076	0.811	0.112
0.001	0.887	0.111	0.001
0.131	0.001	0.001	0.867
0.001	0.075	0.923	0.001
0.001	0.044	0.879	0.076
0.001	0.887	0.001	0.111
>ATTCAGTGAA	33-ATTCAGTGAA	9.490210	-22.068266	0	T:27.0(19.42%),B:28.8(3.51%),P:1e-9	Tpos:954.4,Tstd:575.7,Bpos:1053.7,Bstd:784.8,StrandBias:-0.3,Multiplicity:1.08
0.878	0.052	0.001	0.069
0.102	0.001	0.001	0.896
0.069	0.001	0.001	0.929
0.103	0.793	0.103	0.001
0.947	0.001	0.001	0.051
0.001	0.102	0.896	0.001
0.001	0.001	0.069	0.929
0.069	0.001	0.929	0.001
0.929	0.001	0.069	0.001
0.864	0.103	0.001	0.032
>TGAATTCGCT	34-TGAATTCGCT	10.830306	-21.892631	0	T:15.0(10.79%),B:4.3(0.52%),P:1e-9	Tpos:1036.2,Tstd:641.9,Bpos:1353.9,Bstd:236.5,StrandBias:0.4,Multiplicity:1.07
0.001	0.001	0.001	0.997
0.001	0.001	0.997	0.001
0.997	0.001	0.001	0.001
0.881	0.117	0.001	0.001
0.001	0.117	0.001	0.881
0.001	0.001	0.117	0.881
0.118	0.763	0.001	0.118
0.118	0.001	0.706	0.175
0.001	0.997	0.001	0.001
0.001	0.001	0.001	0.997
>GGAACAGCGA	35-GGAACAGCGA	10.178876	-21.854635	0	T:17.0(12.23%),B:7.3(0.89%),P:1e-9	Tpos:1265.9,Tstd:579.2,Bpos:1413.7,Bstd:286.9,StrandBias:0.2,Multiplicity:1.00
0.001	0.001	0.997	0.001
0.001	0.001	0.997	0.001
0.794	0.204	0.001	0.001
0.997	0.001	0.001	0.001
0.139	0.655	0.205	0.001
0.794	0.001	0.001	0.204
0.001	0.001	0.997	0.001
0.001	0.997	0.001	0.001
0.105	0.001	0.893	0.001
0.860	0.001	0.001	0.138
>GATAGCTAAA	36-GATAGCTAAA	9.357759	-21.582530	0	T:11.0(7.91%),B:0.0(0.00%),P:1e-9	Tpos:1103.1,Tstd:600.7,Bpos:0.0,Bstd:0.0,StrandBias:0.3,Multiplicity:1.00
0.193	0.001	0.795	0.011
0.700	0.001	0.095	0.204
0.095	0.095	0.001	0.809
0.809	0.001	0.189	0.001
0.193	0.032	0.666	0.109
0.095	0.715	0.095	0.095
0.001	0.094	0.001	0.904
0.904	0.001	0.094	0.001
0.666	0.142	0.001	0.191
0.997	0.001	0.001	0.001
>TTTTCTAGAG	37-TTTTCTAGAG	10.061525	-21.549310	0	T:18.0(12.95%),B:10.0(1.22%),P:1e-9	Tpos:748.6,Tstd:521.3,Bpos:703.7,Bstd:371.5,StrandBias:0.5,Multiplicity:1.06
0.111	0.001	0.111	0.777
0.001	0.001	0.001	0.997
0.001	0.001	0.110	0.888
0.001	0.111	0.056	0.832
0.075	0.813	0.001	0.111
0.001	0.088	0.001	0.910
0.997	0.001	0.001	0.001
0.001	0.001	0.888	0.110
0.997	0.001	0.001	0.001
0.110	0.001	0.888	0.001
>TTGTTATTTG	38-TTGTTATTTG	11.150269	-21.480569	0	T:14.0(10.07%),B:3.8(0.46%),P:1e-9	Tpos:870.4,Tstd:499.7,Bpos:1613.7,Bstd:190.3,StrandBias:0.8,Multiplicity:1.08
0.001	0.001	0.001	0.997
0.396	0.001	0.001	0.602
0.001	0.001	0.997	0.001
0.001	0.001	0.001	0.997
0.001	0.001	0.001	0.997
0.811	0.001	0.001	0.187
0.001	0.396	0.001	0.602
0.001	0.001	0.001	0.997
0.001	0.001	0.001	0.997
0.001	0.001	0.997	0.001
>GGAAAGTTCT	39-GGAAAGTTCT	9.080754	-21.222561	0	T:26.0(18.71%),B:27.1(3.31%),P:1e-9	Tpos:1065.3,Tstd:473.5,Bpos:971.9,Bstd:487.1,StrandBias:-0.7,Multiplicity:1.12
0.001	0.001	0.997	0.001
0.066	0.001	0.932	0.001
0.883	0.001	0.115	0.001
0.900	0.001	0.001	0.098
0.900	0.001	0.098	0.001
0.050	0.099	0.784	0.067
0.001	0.138	0.067	0.794
0.001	0.001	0.001	0.997
0.001	0.997	0.001	0.001
0.098	0.001	0.001	0.900
>ACCTCCTCAG	40-ACCTCCTCAG	10.308502	-21.021372	0	T:27.0(19.42%),B:30.0(3.66%),P:1e-9	Tpos:1176.5,Tstd:468.2,Bpos:840.9,Bstd:720.0,StrandBias:0.6,Multiplicity:1.08
0.698	0.001	0.202	0.099
0.337	0.661	0.001	0.001
0.001	0.997	0.001	0.001
0.001	0.001	0.001	0.997
0.001	0.836	0.031	0.132
0.001	0.997	0.001	0.001
0.099	0.001	0.132	0.768
0.001	0.997	0.001	0.001
0.900	0.001	0.001	0.098
0.001	0.001	0.997	0.001
>GCGGCAGCGC	41-GCGGCAGCGC	9.589167	-20.865886	0	T:45.0(32.37%),B:89.8(10.96%),P:1e-9	Tpos:1442.5,Tstd:597.1,Bpos:1226.7,Bstd:458.1,StrandBias:0.2,Multiplicity:1.38
0.001	0.001	0.997	0.001
0.001	0.997	0.001	0.001
0.150	0.137	0.712	0.001
0.001	0.001	0.997	0.001
0.001	0.934	0.001	0.064
0.763	0.092	0.144	0.001
0.001	0.055	0.896	0.048
0.064	0.934	0.001	0.001
0.001	0.001	0.997	0.001
0.065	0.835	0.099	0.001
>ATGGCAAACT	42-ATGGCAAACT	10.597604	-20.650485	0	T:18.0(12.95%),B:10.3(1.26%),P:1e-8	Tpos:769.5,Tstd:554.3,Bpos:726.8,Bstd:343.0,StrandBias:-0.5,Multiplicity:1.00
0.997	0.001	0.001	0.001
0.200	0.001	0.001	0.798
0.143	0.001	0.855	0.001
0.001	0.001	0.997	0.001
0.001	0.855	0.001	0.143
0.997	0.001	0.001	0.001
0.997	0.001	0.001	0.001
0.901	0.001	0.097	0.001
0.001	0.901	0.097	0.001
0.144	0.097	0.001	0.758
>TTGTACAGCT	43-TTGTACAGCT	9.237367	-20.236996	0	T:36.0(25.90%),B:59.3(7.24%),P:1e-8	Tpos:819.5,Tstd:461.2,Bpos:939.9,Bstd:843.5,StrandBias:0.0,Multiplicity:1.14
0.237	0.001	0.001	0.761
0.001	0.001	0.001	0.997
0.112	0.001	0.741	0.146
0.139	0.147	0.139	0.575
0.589	0.265	0.001	0.145
0.143	0.709	0.147	0.001
0.997	0.001	0.001	0.001
0.001	0.094	0.904	0.001
0.001	0.886	0.112	0.001
0.279	0.001	0.001	0.719
>TACCGTTTTA	44-TACCGTTTTA	10.346040	-19.916706	0	T:17.0(12.23%),B:9.7(1.18%),P:1e-8	Tpos:752.4,Tstd:389.7,Bpos:858.8,Bstd:722.1,StrandBias:0.4,Multiplicity:1.07
0.001	0.001	0.001	0.997
0.997	0.001	0.001	0.001
0.001	0.833	0.001	0.165
0.001	0.609	0.001	0.389
0.001	0.001	0.886	0.112
0.165	0.001	0.001	0.833
0.001	0.001	0.001	0.997
0.001	0.001	0.001	0.997
0.001	0.001	0.001	0.997
0.997	0.001	0.001	0.001
>GCAGTATGCT	45-GCAGTATGCT	8.572730	-19.432114	0	T:46.0(33.09%),B:98.2(11.99%),P:1e-8	Tpos:966.5,Tstd:550.9,Bpos:954.5,Bstd:751.6,StrandBias:-0.3,Multiplicity:1.31
0.119	0.001	0.797	0.083
0.217	0.667	0.001	0.115
0.948	0.022	0.001	0.029
0.038	0.001	0.960	0.001
0.025	0.001	0.012	0.962
0.449	0.247	0.235	0.069
0.187	0.039	0.120	0.654
0.001	0.001	0.960	0.038
0.001	0.707	0.057	0.235
0.001	0.001	0.001	0.997
>AACAAAGTCA	46-AACAAAGTCA	10.990490	-19.229899	0	T:11.0(7.91%),B:1.3(0.16%),P:1e-8	Tpos:957.4,Tstd:392.4,Bpos:0.0,Bstd:0.0,StrandBias:0.0,Multiplicity:1.00
0.997	0.001	0.001	0.001
0.873	0.063	0.063	0.001
0.001	0.843	0.093	0.063
0.936	0.001	0.001	0.062
0.997	0.001	0.001	0.001
0.906	0.092	0.001	0.001
0.001	0.001	0.997	0.001
0.001	0.001	0.001	0.997
0.001	0.997	0.001	0.001
0.906	0.092	0.001	0.001
>TATTCGCAGC	47-TATTCGCAGC	7.280869	-19.082965	0	T:19.0(13.67%),B:14.9(1.81%),P:1e-8	Tpos:968.0,Tstd:586.6,Bpos:751.7,Bstd:502.1,StrandBias:-0.6,Multiplicity:1.05
0.133	0.149	0.124	0.594
0.576	0.144	0.137	0.143
0.145	0.137	0.132	0.586
0.131	0.130	0.128	0.611
0.165	0.501	0.147	0.187
0.170	0.157	0.521	0.152
0.118	0.653	0.116	0.113
0.654	0.102	0.102	0.142
0.104	0.116	0.679	0.101
0.126	0.628	0.114	0.132
>CTCGCGGGCT	48-CTCGCGGGCT	10.304259	-18.905662	0	T:14.0(10.07%),B:5.3(0.65%),P:1e-8	Tpos:906.2,Tstd:683.3,Bpos:719.6,Bstd:155.9,StrandBias:0.4,Multiplicity:1.00
0.001	0.785	0.001	0.213
0.001	0.001	0.001	0.997
0.001	0.997	0.001	0.001
0.001	0.001	0.997	0.001
0.213	0.573	0.213	0.001
0.145	0.213	0.641	0.001
0.001	0.001	0.997	0.001
0.001	0.001	0.997	0.001
0.001	0.997	0.001	0.001
0.001	0.001	0.001	0.997
>TCCACAACCT	49-TCCACAACCT	10.464438	-18.757581	0	T:21.0(15.11%),B:19.8(2.41%),P:1e-8	Tpos:810.9,Tstd:563.4,Bpos:911.1,Bstd:845.7,StrandBias:0.1,Multiplicity:1.10
0.001	0.001	0.001	0.997
0.001	0.944	0.001	0.054
0.001	0.997	0.001	0.001
0.997	0.001	0.001	0.001
0.001	0.997	0.001	0.001
0.917	0.001	0.001	0.081
0.920	0.001	0.001	0.078
0.001	0.997	0.001	0.001
0.081	0.863	0.001	0.055
0.055	0.081	0.001	0.863
>TTCTTGTATC	50-TTCTTGTATC	9.438406	-18.757581	0	T:21.0(15.11%),B:19.7(2.40%),P:1e-8	Tpos:792.2,Tstd:495.9,Bpos:801.6,Bstd:758.7,StrandBias:-1.0,Multiplicity:1.17
0.001	0.001	0.069	0.929
0.001	0.139	0.139	0.721
0.001	0.997	0.001	0.001
0.001	0.001	0.001	0.997
0.001	0.001	0.001	0.997
0.001	0.001	0.997	0.001
0.001	0.001	0.138	0.860
0.929	0.001	0.001	0.069
0.139	0.139	0.001	0.721
0.001	0.835	0.001	0.163
>TCATTTTCTG	51-TCATTTTCTG	9.768277	-18.627375	0	T:29.0(20.86%),B:41.9(5.12%),P:1e-8	Tpos:804.6,Tstd:548.9,Bpos:718.1,Bstd:714.0,StrandBias:0.0,Multiplicity:1.12
0.206	0.001	0.034	0.759
0.087	0.897	0.001	0.015
0.997	0.001	0.001	0.001
0.034	0.044	0.001	0.921
0.001	0.001	0.001	0.997
0.001	0.034	0.001	0.964
0.087	0.130	0.001	0.782
0.001	0.940	0.001	0.058
0.001	0.001	0.001	0.997
0.060	0.060	0.792	0.088
>AAGGCAGGCT	52-AAGGCAGGCT	9.438241	-18.327809	0	T:31.0(22.30%),B:48.0(5.86%),P:1e-7	Tpos:886.3,Tstd:573.0,Bpos:844.5,Bstd:707.3,StrandBias:0.9,Multiplicity:1.39
0.839	0.113	0.001	0.047
0.794	0.001	0.070	0.135
0.047	0.001	0.882	0.070
0.164	0.001	0.765	0.070
0.163	0.835	0.001	0.001
0.997	0.001	0.001	0.001
0.001	0.001	0.997	0.001
0.001	0.001	0.997	0.001
0.047	0.951	0.001	0.001
0.001	0.001	0.069	0.929
>CTGACAGAAG	53-CTGACAGAAG	10.026732	-17.938524	0	T:20.0(14.39%),B:18.6(2.27%),P:1e-7	Tpos:1026.9,Tstd:590.8,Bpos:842.2,Bstd:374.3,StrandBias:0.8,Multiplicity:1.25
0.057	0.941	0.001	0.001
0.001	0.001	0.001	0.997
0.033	0.001	0.881	0.085
0.933	0.033	0.033	0.001
0.139	0.859	0.001	0.001
0.941	0.057	0.001	0.001
0.001	0.001	0.997	0.001
0.888	0.068	0.043	0.001
0.871	0.043	0.001	0.085
0.257	0.001	0.741	0.001
>CTCCTTGAGG	54-CTCCTTGAGG	9.538749	-17.909211	0	T:25.0(17.99%),B:31.2(3.81%),P:1e-7	Tpos:961.5,Tstd:569.2,Bpos:935.6,Bstd:482.4,StrandBias:-1.1,Multiplicity:1.12
0.299	0.699	0.001	0.001
0.001	0.001	0.001	0.997
0.077	0.809	0.001	0.113
0.001	0.922	0.001	0.076
0.001	0.001	0.001	0.997
0.001	0.001	0.001	0.997
0.001	0.168	0.830	0.001
0.963	0.001	0.035	0.001
0.001	0.001	0.885	0.113
0.001	0.001	0.997	0.001
>TCCCTGGAGG	55-TCCCTGGAGG	9.347487	-17.315603	0	T:39.0(28.06%),B:79.8(9.74%),P:1e-7	Tpos:995.5,Tstd:541.9,Bpos:854.2,Bstd:596.2,StrandBias:0.4,Multiplicity:1.11
0.001	0.288	0.001	0.710
0.001	0.997	0.001	0.001
0.001	0.959	0.001	0.039
0.001	0.997	0.001	0.001
0.178	0.001	0.001	0.820
0.127	0.010	0.862	0.001
0.001	0.001	0.880	0.118
0.997	0.001	0.001	0.001
0.001	0.001	0.880	0.118
0.072	0.001	0.926	0.001
>CTCCCCTGTA	56-CTCCCCTGTA	8.984533	-17.206429	0	T:37.0(26.62%),B:72.3(8.82%),P:1e-7	Tpos:922.9,Tstd:510.4,Bpos:993.4,Bstd:548.3,StrandBias:-0.2,Multiplicity:1.09
0.001	0.997	0.001	0.001
0.099	0.001	0.001	0.899
0.001	0.997	0.001	0.001
0.185	0.813	0.001	0.001
0.001	0.985	0.013	0.001
0.217	0.565	0.001	0.217
0.001	0.001	0.001	0.997
0.001	0.059	0.934	0.006
0.086	0.149	0.001	0.764
0.586	0.235	0.178	0.001
>TTTACCACGG	57-TTTACCACGG	7.978683	-17.164015	0	T:30.0(21.58%),B:48.1(5.87%),P:1e-7	Tpos:1099.2,Tstd:563.8,Bpos:902.3,Bstd:921.3,StrandBias:-0.1,Multiplicity:1.03
0.052	0.052	0.021	0.875
0.073	0.031	0.140	0.756
0.104	0.104	0.083	0.709
0.756	0.052	0.083	0.109
0.031	0.700	0.062	0.207
0.119	0.829	0.021	0.031
0.914	0.054	0.001	0.031
0.040	0.843	0.049	0.068
0.076	0.064	0.737	0.123
0.031	0.021	0.896	0.052
>AATAAGTTAG	58-AATAAGTTAG	6.299255	-16.865892	0	T:22.0(15.83%),B:25.0(3.05%),P:1e-7	Tpos:851.5,Tstd:579.4,Bpos:1113.1,Bstd:799.7,StrandBias:-1.0,Multiplicity:1.20
0.616	0.114	0.126	0.144
0.627	0.107	0.128	0.138
0.161	0.132	0.141	0.566
0.612	0.146	0.135	0.107
0.676	0.054	0.109	0.161
0.147	0.143	0.573	0.137
0.118	0.143	0.126	0.613
0.154	0.129	0.145	0.572
0.619	0.081	0.130	0.170
0.161	0.168	0.528	0.143
>CAGCGTCTGG	59-CAGCGTCTGG	9.373663	-16.843013	0	T:33.0(23.74%),B:59.3(7.23%),P:1e-7	Tpos:1008.3,Tstd:657.4,Bpos:1015.9,Bstd:670.1,StrandBias:-0.2,Multiplicity:1.18
0.001	0.997	0.001	0.001
0.997	0.001	0.001	0.001
0.001	0.001	0.997	0.001
0.001	0.911	0.087	0.001
0.066	0.175	0.671	0.088
0.129	0.087	0.001	0.783
0.001	0.911	0.087	0.001
0.084	0.033	0.001	0.882
0.001	0.087	0.911	0.001
0.001	0.124	0.874	0.001
>TGTNGAATTC	60-TGTNGAATTC	7.394136	-16.720096	0	T:16.0(11.51%),B:11.8(1.44%),P:1e-7	Tpos:712.9,Tstd:511.9,Bpos:988.4,Bstd:936.6,StrandBias:-0.5,Multiplicity:1.20
0.001	0.001	0.001	0.997
0.097	0.286	0.519	0.098
0.186	0.056	0.136	0.622
0.259	0.255	0.171	0.315
0.138	0.096	0.530	0.236
0.510	0.119	0.237	0.134
0.772	0.001	0.001	0.226
0.198	0.001	0.001	0.800
0.202	0.128	0.226	0.444
0.001	0.690	0.083	0.226
>CTGGACAGTG	61-CTGGACAGTG	8.895366	-16.385283	0	T:32.0(23.02%),B:57.7(7.04%),P:1e-7	Tpos:886.3,Tstd:529.6,Bpos:1107.6,Bstd:629.6,StrandBias:0.0,Multiplicity:1.16
0.071	0.756	0.103	0.070
0.063	0.033	0.031	0.873
0.062	0.072	0.799	0.067
0.043	0.071	0.774	0.112
0.765	0.043	0.111	0.081
0.090	0.782	0.118	0.010
0.874	0.036	0.033	0.057
0.072	0.082	0.812	0.034
0.104	0.083	0.091	0.722
0.008	0.063	0.853	0.076
>YGCCCGCAGC	62-YGCCCGCAGC	9.243901	-16.191692	0	T:25.0(17.99%),B:35.9(4.38%),P:1e-7	Tpos:1386.1,Tstd:451.5,Bpos:1234.8,Bstd:612.5,StrandBias:-0.5,Multiplicity:1.24
0.155	0.322	0.101	0.422
0.121	0.045	0.826	0.008
0.031	0.801	0.123	0.045
0.045	0.803	0.076	0.076
0.062	0.879	0.058	0.001
0.120	0.003	0.836	0.041
0.396	0.573	0.001	0.030
0.927	0.042	0.001	0.030
0.045	0.076	0.878	0.001
0.076	0.776	0.147	0.001
>ATCGAATACC	63-ATCGAATACC	8.350283	-15.662408	0	T:10.0(7.19%),B:2.5(0.31%),P:1e-6	Tpos:987.1,Tstd:531.3,Bpos:968.4,Bstd:360.9,StrandBias:1.0,Multiplicity:1.00
0.700	0.100	0.100	0.100
0.100	0.100	0.100	0.700
0.100	0.700	0.100	0.100
0.100	0.100	0.700	0.100
0.700	0.100	0.100	0.100
0.700	0.100	0.100	0.100
0.100	0.100	0.100	0.700
0.700	0.100	0.100	0.100
0.100	0.700	0.100	0.100
0.100	0.700	0.100	0.100
>AAATACGTAT	64-AAATACGTAT	10.851806	-15.429105	0	T:9.0(6.47%),B:1.6(0.19%),P:1e-6	Tpos:1073.5,Tstd:604.2,Bpos:680.0,Bstd:45.9,StrandBias:1.2,Multiplicity:1.00
0.997	0.001	0.001	0.001
0.997	0.001	0.001	0.001
0.997	0.001	0.001	0.001
0.001	0.001	0.001	0.997
0.850	0.148	0.001	0.001
0.101	0.797	0.001	0.101
0.350	0.001	0.500	0.149
0.001	0.001	0.148	0.850
0.997	0.001	0.001	0.001
0.001	0.001	0.001	0.997
>ATGCTGGATG	65-ATGCTGGATG	9.428131	-14.225184	0	T:33.0(23.74%),B:68.4(8.35%),P:1e-6	Tpos:961.5,Tstd:506.5,Bpos:866.0,Bstd:576.4,StrandBias:0.3,Multiplicity:1.10
0.892	0.091	0.016	0.001
0.001	0.056	0.248	0.695
0.001	0.001	0.997	0.001
0.001	0.887	0.056	0.056
0.028	0.001	0.075	0.896
0.110	0.001	0.888	0.001
0.001	0.075	0.813	0.111
0.997	0.001	0.001	0.001
0.001	0.001	0.001	0.997
0.001	0.001	0.924	0.074
>TATCTGTTCT	66-TATCTGTTCT	10.847624	-12.952548	0	T:11.0(7.91%),B:6.7(0.81%),P:1e-5	Tpos:1037.9,Tstd:411.0,Bpos:542.1,Bstd:347.0,StrandBias:0.3,Multiplicity:1.12
0.066	0.001	0.001	0.932
0.777	0.090	0.132	0.001
0.001	0.132	0.001	0.866
0.001	0.997	0.001	0.001
0.001	0.001	0.001	0.997
0.001	0.001	0.997	0.001
0.132	0.001	0.132	0.735
0.001	0.001	0.001	0.997
0.001	0.909	0.089	0.001
0.132	0.090	0.001	0.777
>GTGCGGCCCT	67-GTGCGGCCCT	8.941103	-12.425809	0	T:29.0(20.86%),B:60.6(7.40%),P:1e-5	Tpos:1128.5,Tstd:493.5,Bpos:1345.8,Bstd:637.9,StrandBias:0.7,Multiplicity:1.19
0.145	0.001	0.853	0.001
0.001	0.057	0.099	0.843
0.001	0.001	0.997	0.001
0.040	0.939	0.001	0.020
0.001	0.001	0.897	0.101
0.001	0.001	0.997	0.001
0.145	0.853	0.001	0.001
0.099	0.899	0.001	0.001
0.001	0.801	0.099	0.099
0.001	0.001	0.073	0.925
>CAGCCCTGCC	68-CAGCCCTGCC	11.171077	-12.368459	0	T:17.0(12.23%),B:21.7(2.65%),P:1e-5	Tpos:1062.1,Tstd:555.9,Bpos:1220.2,Bstd:467.0,StrandBias:-0.3,Multiplicity:1.12
0.138	0.860	0.001	0.001
0.997	0.001	0.001	0.001
0.094	0.001	0.904	0.001
0.001	0.997	0.001	0.001
0.001	0.997	0.001	0.001
0.054	0.944	0.001	0.001
0.001	0.001	0.001	0.997
0.094	0.001	0.904	0.001
0.001	0.997	0.001	0.001
0.001	0.997	0.001	0.001
>GGGGCGCGCA	69-GGGGCGCGCA	10.214202	-12.262185	0	T:20.0(14.39%),B:30.1(3.67%),P:1e-5	Tpos:1386.6,Tstd:637.7,Bpos:1288.9,Bstd:594.2,StrandBias:-0.5,Multiplicity:1.15
0.001	0.001	0.855	0.143
0.001	0.001	0.997	0.001
0.143	0.001	0.855	0.001
0.001	0.097	0.901	0.001
0.001	0.997	0.001	0.001
0.001	0.001	0.997	0.001
0.001	0.883	0.115	0.001
0.001	0.001	0.997	0.001
0.001	0.974	0.024	0.001
0.526	0.098	0.278	0.098
>TAGGTTGGAA	70-TAGGTTGGAA	10.092538	-12.140292	0	T:11.0(7.91%),B:7.9(0.96%),P:1e-5	Tpos:1133.1,Tstd:483.4,Bpos:642.4,Bstd:293.3,StrandBias:0.5,Multiplicity:1.09
0.011	0.001	0.001	0.987
0.962	0.036	0.001	0.001
0.001	0.001	0.997	0.001
0.001	0.001	0.997	0.001
0.001	0.001	0.001	0.997
0.001	0.001	0.001	0.997
0.001	0.001	0.997	0.001
0.001	0.001	0.997	0.001
0.987	0.001	0.001	0.011
0.669	0.001	0.001	0.329
>TTTATATTCT	71-TTTATATTCT	10.373578	-12.025462	0	T:22.0(15.83%),B:37.4(4.56%),P:1e-5	Tpos:726.5,Tstd:506.0,Bpos:680.5,Bstd:944.2,StrandBias:0.1,Multiplicity:1.14
0.001	0.001	0.001	0.997
0.085	0.001	0.001	0.913
0.001	0.001	0.126	0.872
0.809	0.126	0.001	0.064
0.001	0.085	0.001	0.913
0.997	0.001	0.001	0.001
0.001	0.001	0.001	0.997
0.001	0.001	0.001	0.997
0.022	0.666	0.102	0.210
0.001	0.001	0.001	0.997
>CCTGCAGGTC	72-CCTGCAGGTC	8.835354	-10.170418	0	T:44.0(31.65%),B:134.6(16.43%),P:1e-4	Tpos:1059.2,Tstd:545.9,Bpos:988.1,Bstd:613.4,StrandBias:0.1,Multiplicity:1.32
0.042	0.871	0.045	0.042
0.041	0.852	0.001	0.106
0.001	0.105	0.001	0.893
0.001	0.053	0.945	0.001
0.001	0.997	0.001	0.001
0.927	0.001	0.071	0.001
0.071	0.001	0.927	0.001
0.042	0.113	0.669	0.176
0.001	0.001	0.089	0.909
0.001	0.997	0.001	0.001
>ACATGCTAGG	73-ACATGCTAGG	10.352094	-10.131308	0	T:11.0(7.91%),B:10.1(1.23%),P:1e-4	Tpos:937.7,Tstd:563.2,Bpos:569.0,Bstd:0.0,StrandBias:-0.2,Multiplicity:1.18
0.997	0.001	0.001	0.001
0.213	0.785	0.001	0.001
0.997	0.001	0.001	0.001
0.001	0.213	0.001	0.785
0.001	0.001	0.997	0.001
0.001	0.997	0.001	0.001
0.001	0.001	0.001	0.997
0.997	0.001	0.001	0.001
0.213	0.001	0.573	0.213
0.144	0.001	0.854	0.001
>AGATGGMGGG	74-AGATGGMGGG	9.748163	-10.088379	0	T:23.0(16.55%),B:47.6(5.81%),P:1e-4	Tpos:1198.2,Tstd:520.9,Bpos:1073.5,Bstd:678.9,StrandBias:1.4,Multiplicity:1.38
0.835	0.001	0.082	0.082
0.001	0.142	0.856	0.001
0.877	0.001	0.001	0.121
0.001	0.001	0.209	0.789
0.001	0.092	0.906	0.001
0.001	0.301	0.697	0.001
0.552	0.446	0.001	0.001
0.179	0.001	0.819	0.001
0.001	0.001	0.997	0.001
0.001	0.116	0.882	0.001
>GGCGAGAGGA	75-GGCGAGAGGA	7.300668	-9.230150	0	T:19.0(13.67%),B:36.1(4.41%),P:1e-4	Tpos:1287.8,Tstd:635.3,Bpos:1016.7,Bstd:606.2,StrandBias:0.0,Multiplicity:1.12
0.146	0.114	0.611	0.129
0.123	0.156	0.607	0.114
0.144	0.571	0.132	0.153
0.149	0.151	0.566	0.134
0.581	0.117	0.159	0.143
0.131	0.143	0.613	0.113
0.598	0.112	0.156	0.134
0.117	0.100	0.638	0.145
0.119	0.151	0.624	0.106
0.591	0.139	0.143	0.127
>CTCTCCTCTC	76-CTCTCCTCTC	10.296193	-5.054473	0	T:7.0(5.04%),B:10.2(1.24%),P:1e-2	Tpos:604.0,Tstd:249.7,Bpos:707.1,Bstd:860.7,StrandBias:1.4,Multiplicity:13.86
0.100	0.700	0.100	0.100
0.100	0.100	0.100	0.700
0.100	0.700	0.100	0.100
0.100	0.100	0.100	0.700
0.100	0.700	0.100	0.100
0.100	0.700	0.100	0.100
0.100	0.100	0.100	0.700
0.100	0.700	0.100	0.100
0.100	0.100	0.100	0.700
0.100	0.700	0.100	0.100
>TCTTCTCTTC	77-TCTTCTCTTC	6.404373	-3.882396	0	T:136.0(97.84%),B:764.3(93.26%),P:1e-1	Tpos:885.9,Tstd:569.4,Bpos:991.3,Bstd:837.1,StrandBias:0.1,Multiplicity:3.89
0.100	0.100	0.100	0.700
0.100	0.700	0.100	0.100
0.100	0.100	0.100	0.700
0.100	0.100	0.100	0.700
0.100	0.700	0.100	0.100
0.100	0.100	0.100	0.700
0.100	0.700	0.100	0.100
0.100	0.100	0.100	0.700
0.100	0.100	0.100	0.700
0.100	0.700	0.100	0.100
>TTTTCTKATC	78-TTTTCTKATC	10.681757	-3.278386	0	T:13.0(9.35%),B:41.7(5.09%),P:1e-1	Tpos:759.4,Tstd:515.4,Bpos:881.1,Bstd:754.5,StrandBias:0.0,Multiplicity:1.09
0.001	0.001	0.001	0.997
0.001	0.001	0.001	0.997
0.001	0.322	0.001	0.676
0.242	0.001	0.001	0.756
0.001	0.997	0.001	0.001
0.001	0.001	0.001	0.997
0.001	0.001	0.484	0.514
0.837	0.161	0.001	0.001
0.001	0.001	0.001	0.997
0.001	0.997	0.001	0.001
>ATTCAAGACTTT	1-ATTCAAGACTTT	10.469096	-34.658730	0	T:20.0(14.39%),B:2.7(0.33%),P:1e-15	Tpos:830.6,Tstd:512.9,Bpos:1302.1,Bstd:193.4,StrandBias:0.6,Multiplicity:1.00
0.839	0.001	0.159	0.001
0.001	0.001	0.001	0.997
0.001	0.080	0.080	0.839
0.250	0.579	0.001	0.170
0.759	0.001	0.239	0.001
0.600	0.001	0.080	0.319
0.001	0.079	0.919	0.001
0.997	0.001	0.001	0.001
0.001	0.919	0.079	0.001
0.001	0.001	0.001	0.997
0.001	0.079	0.001	0.919
0.090	0.001	0.159	0.750
>CAACCTGTCTTT	2-CAACCTGTCTTT	11.531332	-34.330009	0	T:33.0(23.74%),B:23.5(2.87%),P:1e-14	Tpos:842.1,Tstd:514.5,Bpos:993.0,Bstd:541.5,StrandBias:0.3,Multiplicity:1.06
0.001	0.866	0.001	0.132
0.997	0.001	0.001	0.001
0.733	0.001	0.265	0.001
0.001	0.866	0.001	0.132
0.134	0.864	0.001	0.001
0.001	0.001	0.001	0.997
0.045	0.133	0.821	0.001
0.001	0.001	0.201	0.797
0.001	0.866	0.001	0.132
0.001	0.326	0.001	0.672
0.132	0.001	0.001	0.866
0.001	0.001	0.001	0.997
>ATAACACAGTAA	3-ATAACACAGTAA	11.292986	-33.693176	0	T:17.0(12.23%),B:1.0(0.12%),P:1e-14	Tpos:798.1,Tstd:539.6,Bpos:443.0,Bstd:115.5,StrandBias:0.2,Multiplicity:1.00
0.518	0.344	0.001	0.137
0.001	0.068	0.001	0.930
0.861	0.137	0.001	0.001
0.723	0.275	0.001	0.001
0.077	0.921	0.001	0.001
0.997	0.001	0.001	0.001
0.068	0.930	0.001	0.001
0.997	0.001	0.001	0.001
0.001	0.001	0.997	0.001
0.155	0.206	0.001	0.638
0.793	0.001	0.137	0.069
0.715	0.215	0.069	0.001
>TACTTTCAAAGA	4-TACTTTCAAAGA	9.689318	-33.399805	0	T:30.0(21.58%),B:18.7(2.28%),P:1e-14	Tpos:914.0,Tstd:496.1,Bpos:1000.3,Bstd:907.1,StrandBias:0.0,Multiplicity:1.08
0.001	0.054	0.057	0.888
0.723	0.001	0.219	0.057
0.108	0.668	0.162	0.062
0.057	0.111	0.001	0.831
0.054	0.001	0.054	0.891
0.054	0.054	0.001	0.891
0.001	0.664	0.281	0.054
0.997	0.001	0.001	0.001
0.776	0.054	0.169	0.001
0.997	0.001	0.001	0.001
0.108	0.001	0.837	0.054
0.729	0.054	0.109	0.108
>AAACTCATAAAA	5-AAACTCATAAAA	10.410932	-30.933421	0	T:17.0(12.23%),B:1.7(0.21%),P:1e-13	Tpos:1011.2,Tstd:614.3,Bpos:835.9,Bstd:190.2,StrandBias:0.7,Multiplicity:1.06
0.997	0.001	0.001	0.001
0.819	0.090	0.001	0.090
0.770	0.045	0.090	0.095
0.035	0.875	0.045	0.045
0.045	0.049	0.001	0.905
0.090	0.730	0.135	0.045
0.864	0.090	0.001	0.045
0.090	0.180	0.095	0.635
0.954	0.001	0.044	0.001
0.789	0.090	0.120	0.001
0.909	0.001	0.089	0.001
0.774	0.180	0.001	0.045
>GACAAAAAAAAC	6-GACAAAAAAAAC	10.782326	-29.628570	0	T:15.0(10.79%),B:0.5(0.06%),P:1e-12	Tpos:828.1,Tstd:549.7,Bpos:914.1,Bstd:29.1,StrandBias:-0.8,Multiplicity:1.00
0.216	0.182	0.484	0.119
0.722	0.056	0.221	0.001
0.185	0.510	0.254	0.051
0.790	0.153	0.001	0.056
0.779	0.085	0.102	0.034
0.869	0.001	0.129	0.001
0.645	0.198	0.068	0.089
0.756	0.108	0.085	0.051
0.683	0.113	0.119	0.085
0.773	0.153	0.001	0.073
0.777	0.057	0.098	0.068
0.122	0.804	0.073	0.001
>CCTTCCDGACAC	7-CCTTCCDGACAC	10.812561	-29.215724	0	T:19.0(13.67%),B:4.1(0.50%),P:1e-12	Tpos:1179.0,Tstd:533.8,Bpos:1108.2,Bstd:545.4,StrandBias:0.9,Multiplicity:1.05
0.086	0.912	0.001	0.001
0.001	0.997	0.001	0.001
0.001	0.001	0.086	0.912
0.086	0.001	0.001	0.912
0.001	0.825	0.087	0.087
0.001	0.912	0.001	0.086
0.347	0.009	0.287	0.356
0.001	0.095	0.903	0.001
0.721	0.018	0.087	0.174
0.001	0.912	0.001	0.086
0.997	0.001	0.001	0.001
0.001	0.997	0.001	0.001
>AVCTTCTCWGGG	8-AVCTTCTCWGGG	9.668588	-29.215303	0	T:37.0(26.62%),B:41.8(5.11%),P:1e-12	Tpos:933.3,Tstd:602.7,Bpos:1028.3,Bstd:660.1,StrandBias:0.4,Multiplicity:1.06
0.997	0.001	0.001	0.001
0.394	0.247	0.358	0.001
0.001	0.997	0.001	0.001
0.001	0.001	0.001	0.997
0.001	0.318	0.173	0.508
0.321	0.617	0.061	0.001
0.001	0.001	0.001	0.997
0.001	0.875	0.001	0.123
0.488	0.061	0.001	0.449
0.001	0.001	0.997	0.001
0.001	0.001	0.871	0.127
0.001	0.293	0.459	0.247
>KCTTCACACCTT	9-KCTTCACACCTT	10.711681	-28.822283	0	T:21.0(15.11%),B:7.5(0.91%),P:1e-12	Tpos:1040.9,Tstd:465.5,Bpos:526.2,Bstd:367.0,StrandBias:-0.3,Multiplicity:1.05
0.001	0.001	0.565	0.433
0.086	0.912	0.001	0.001
0.001	0.086	0.001	0.912
0.001	0.086	0.001	0.912
0.086	0.912	0.001	0.001
0.997	0.001	0.001	0.001
0.001	0.738	0.260	0.001
0.912	0.001	0.001	0.086
0.001	0.565	0.347	0.087
0.001	0.997	0.001	0.001
0.001	0.108	0.001	0.890
0.001	0.001	0.001	0.997
>CAGAACGGCTGG	10-CAGAACGGCTGG	12.036597	-28.812826	0	T:17.0(12.23%),B:2.8(0.34%),P:1e-12	Tpos:1016.7,Tstd:604.2,Bpos:641.7,Bstd:378.0,StrandBias:1.1,Multiplicity:1.00
0.001	0.997	0.001	0.001
0.835	0.001	0.001	0.163
0.001	0.001	0.997	0.001
0.997	0.001	0.001	0.001
0.698	0.246	0.055	0.001
0.090	0.737	0.001	0.172
0.172	0.001	0.526	0.301
0.001	0.001	0.997	0.001
0.001	0.997	0.001	0.001
0.001	0.001	0.081	0.917
0.001	0.001	0.745	0.253
0.082	0.082	0.835	0.001
>TGAACTGCAAGC	11-TGAACTGCAAGC	10.122222	-28.563902	0	T:25.0(17.99%),B:14.6(1.78%),P:1e-12	Tpos:872.9,Tstd:555.4,Bpos:820.2,Bstd:478.6,StrandBias:-0.2,Multiplicity:1.04
0.045	0.045	0.045	0.865
0.045	0.001	0.864	0.090
0.772	0.093	0.090	0.045
0.606	0.047	0.346	0.001
0.048	0.587	0.317	0.048
0.044	0.001	0.001	0.954
0.001	0.045	0.904	0.050
0.213	0.512	0.135	0.140
0.634	0.364	0.001	0.001
0.829	0.075	0.095	0.001
0.001	0.001	0.997	0.001
0.001	0.997	0.001	0.001
>TGGGCAGCCYGT	12-TGGGCAGCCYGT	11.798089	-28.440048	0	T:31.0(22.30%),B:27.4(3.34%),P:1e-12	Tpos:932.1,Tstd:492.3,Bpos:1026.8,Bstd:757.1,StrandBias:-0.1,Multiplicity:1.26
0.098	0.204	0.001	0.697
0.001	0.001	0.897	0.101
0.001	0.001	0.997	0.001
0.001	0.001	0.997	0.001
0.001	0.997	0.001	0.001
0.997	0.001	0.001	0.001
0.295	0.001	0.703	0.001
0.001	0.997	0.001	0.001
0.001	0.932	0.001	0.066
0.001	0.388	0.102	0.509
0.001	0.001	0.900	0.098
0.305	0.001	0.096	0.598
>CTCTCAAGTCTC	13-CTCTCAAGTCTC	10.206069	-27.776902	0	T:19.0(13.67%),B:5.6(0.68%),P:1e-12	Tpos:1076.8,Tstd:500.8,Bpos:556.2,Bstd:301.0,StrandBias:-0.7,Multiplicity:1.00
0.001	0.714	0.057	0.228
0.001	0.057	0.057	0.885
0.057	0.715	0.114	0.114
0.171	0.060	0.001	0.768
0.004	0.931	0.004	0.061
0.882	0.057	0.001	0.060
0.767	0.001	0.175	0.057
0.057	0.001	0.882	0.060
0.001	0.001	0.056	0.942
0.057	0.772	0.057	0.114
0.057	0.057	0.001	0.885
0.001	0.885	0.057	0.057
>CTTTGCTGACAA	14-CTTTGCTGACAA	13.148463	-27.606757	0	T:14.0(10.07%),B:0.9(0.11%),P:1e-11	Tpos:750.1,Tstd:468.1,Bpos:985.0,Bstd:0.0,StrandBias:0.4,Multiplicity:1.00
0.001	0.899	0.099	0.001
0.001	0.099	0.001	0.899
0.001	0.001	0.001	0.997
0.001	0.001	0.001	0.997
0.001	0.001	0.997	0.001
0.001	0.997	0.001	0.001
0.001	0.001	0.001	0.997
0.099	0.001	0.899	0.001
0.799	0.001	0.001	0.199
0.001	0.899	0.099	0.001
0.799	0.199	0.001	0.001
0.699	0.001	0.001	0.299
>AMCAGAATTTTC	15-AMCAGAATTTTC	10.073603	-27.359128	0	T:18.0(12.95%),B:4.1(0.50%),P:1e-11	Tpos:921.4,Tstd:546.3,Bpos:890.3,Bstd:635.3,StrandBias:-0.3,Multiplicity:1.06
0.949	0.049	0.001	0.001
0.409	0.434	0.107	0.050
0.049	0.949	0.001	0.001
0.912	0.050	0.001	0.037
0.106	0.001	0.892	0.001
0.745	0.204	0.001	0.050
0.812	0.087	0.100	0.001
0.003	0.088	0.050	0.859
0.050	0.050	0.152	0.748
0.050	0.191	0.204	0.555
0.050	0.050	0.001	0.899
0.049	0.949	0.001	0.001
>GCWCTTTCTAAG	16-GCWCTTTCTAAG	8.061265	-27.359128	0	T:18.0(12.95%),B:4.8(0.59%),P:1e-11	Tpos:1243.7,Tstd:476.8,Bpos:48.0,Bstd:0.0,StrandBias:0.7,Multiplicity:1.00
0.020	0.159	0.514	0.307
0.061	0.495	0.211	0.233
0.486	0.029	0.145	0.340
0.197	0.479	0.050	0.274
0.016	0.202	0.182	0.600
0.191	0.031	0.028	0.750
0.024	0.180	0.264	0.532
0.019	0.553	0.235	0.193
0.356	0.031	0.016	0.597
0.504	0.197	0.275	0.024
0.699	0.023	0.031	0.247
0.262	0.018	0.494	0.226
>AAGTTCTTTAAT	17-AAGTTCTTTAAT	10.110823	-27.275781	0	T:22.0(15.83%),B:10.8(1.32%),P:1e-11	Tpos:903.6,Tstd:461.6,Bpos:861.8,Bstd:559.3,StrandBias:0.4,Multiplicity:1.10
0.942	0.001	0.056	0.001
0.942	0.001	0.001	0.056
0.176	0.062	0.700	0.062
0.114	0.057	0.001	0.828
0.057	0.118	0.001	0.824
0.001	0.942	0.056	0.001
0.113	0.001	0.001	0.885
0.001	0.057	0.114	0.828
0.001	0.114	0.171	0.714
0.767	0.114	0.057	0.062
0.876	0.122	0.001	0.001
0.114	0.118	0.001	0.767
>CTTYTGTKTATG	18-CTTYTGTKTATG	11.253514	-26.987545	0	T:15.0(10.79%),B:1.9(0.23%),P:1e-11	Tpos:802.9,Tstd:502.9,Bpos:1309.2,Bstd:19.8,StrandBias:0.0,Multiplicity:1.07
0.005	0.907	0.001	0.087
0.179	0.001	0.001	0.819
0.001	0.180	0.005	0.814
0.087	0.456	0.087	0.371
0.173	0.001	0.001	0.825
0.001	0.099	0.808	0.092
0.001	0.001	0.086	0.912
0.001	0.001	0.472	0.526
0.185	0.005	0.092	0.718
0.989	0.005	0.005	0.001
0.001	0.001	0.001	0.997
0.087	0.001	0.739	0.173
>TTTGATGTCAGG	19-TTTGATGTCAGG	8.762769	-26.987545	0	T:15.0(10.79%),B:1.7(0.21%),P:1e-11	Tpos:800.4,Tstd:437.3,Bpos:940.4,Bstd:232.1,StrandBias:0.6,Multiplicity:1.00
0.125	0.182	0.009	0.684
0.005	0.200	0.240	0.555
0.155	0.101	0.177	0.567
0.186	0.165	0.442	0.207
0.471	0.242	0.192	0.095
0.245	0.004	0.181	0.570
0.083	0.117	0.532	0.268
0.263	0.184	0.130	0.422
0.171	0.707	0.113	0.009
0.975	0.007	0.001	0.017
0.011	0.085	0.765	0.139
