>CTCRGCCTCC	1-CTCRGCCTCC	10.639769	-440.080866	0	T:258.0(61.43%),B:33.5(1.70%),P:1e-191	Tpos:837.8,Tstd:510.4,Bpos:917.0,Bstd:818.7,StrandBias:0.2,Multiplicity:2.79
0.001	0.997	0.001	0.001
0.001	0.001	0.001	0.997
0.008	0.860	0.001	0.131
0.416	0.151	0.313	0.120
0.001	0.001	0.997	0.001
0.001	0.997	0.001	0.001
0.001	0.997	0.001	0.001
0.001	0.001	0.001	0.997
0.001	0.992	0.001	0.006
0.001	0.997	0.001	0.001
>TGTAATCCCA	2-TGTAATCCCA	11.027793	-416.126197	0	T:227.0(54.05%),B:12.6(0.64%),P:1e-180	Tpos:794.7,Tstd:504.8,Bpos:1362.6,Bstd:415.9,StrandBias:-0.2,Multiplicity:2.28
0.001	0.001	0.001	0.997
0.001	0.001	0.997	0.001
0.001	0.001	0.001	0.997
0.997	0.001	0.001	0.001
0.771	0.001	0.227	0.001
0.001	0.001	0.001	0.997
0.001	0.997	0.001	0.001
0.001	0.920	0.001	0.078
0.001	0.997	0.001	0.001
0.997	0.001	0.001	0.001
>VCCAGCCTGG	3-VCCAGCCTGG	8.968482	-393.141085	0	T:251.0(59.76%),B:50.0(2.53%),P:1e-170	Tpos:849.8,Tstd:509.4,Bpos:1003.9,Bstd:777.5,StrandBias:-0.0,Multiplicity:2.07
0.216	0.355	0.249	0.180
0.001	0.960	0.022	0.017
0.107	0.810	0.018	0.065
0.875	0.054	0.017	0.054
0.050	0.051	0.804	0.095
0.001	0.593	0.405	0.001
0.015	0.904	0.001	0.080
0.028	0.001	0.020	0.951
0.053	0.001	0.914	0.032
0.136	0.001	0.831	0.032
>AAAAAAAAAA	4-AAAAAAAAAA	9.519478	-381.854391	0	T:333.0(79.29%),B:232.8(11.80%),P:1e-165	Tpos:919.6,Tstd:520.5,Bpos:877.0,Bstd:616.7,StrandBias:-0.2,Multiplicity:2.25
0.926	0.027	0.018	0.029
0.922	0.063	0.014	0.001
0.898	0.067	0.034	0.001
0.916	0.050	0.033	0.001
0.758	0.062	0.074	0.106
0.583	0.104	0.077	0.236
0.840	0.036	0.052	0.072
0.769	0.164	0.066	0.001
0.964	0.034	0.001	0.001
0.901	0.055	0.022	0.022
>GAGACGGRGT	5-GAGACGGRGT	10.630624	-336.705337	0	T:207.0(49.29%),B:26.2(1.33%),P:1e-146	Tpos:801.4,Tstd:491.2,Bpos:859.2,Bstd:727.8,StrandBias:0.1,Multiplicity:1.82
0.001	0.001	0.976	0.022
0.928	0.001	0.070	0.001
0.001	0.001	0.997	0.001
0.824	0.052	0.103	0.021
0.106	0.485	0.089	0.320
0.305	0.001	0.622	0.072
0.079	0.001	0.909	0.011
0.457	0.001	0.541	0.001
0.068	0.001	0.930	0.001
0.001	0.102	0.113	0.784
>AAAAAAAAAA	6-AAAAAAAAAA	10.296193	-320.946707	0	T:221.0(52.62%),B:52.8(2.68%),P:1e-139	Tpos:871.6,Tstd:546.8,Bpos:908.5,Bstd:847.6,StrandBias:-0.0,Multiplicity:1.57
0.700	0.100	0.100	0.100
0.700	0.100	0.100	0.100
0.700	0.100	0.100	0.100
0.700	0.100	0.100	0.100
0.700	0.100	0.100	0.100
0.700	0.100	0.100	0.100
0.700	0.100	0.100	0.100
0.700	0.100	0.100	0.100
0.700	0.100	0.100	0.100
0.700	0.100	0.100	0.100
>TGCAGTGRGC	7-TGCAGTGRGC	11.440793	-315.150739	0	T:181.0(43.10%),B:11.3(0.57%),P:1e-136	Tpos:816.8,Tstd:485.9,Bpos:930.4,Bstd:402.1,StrandBias:-0.2,Multiplicity:1.35
0.001	0.001	0.001	0.997
0.001	0.001	0.997	0.001
0.001	0.997	0.001	0.001
0.997	0.001	0.001	0.001
0.001	0.001	0.997	0.001
0.001	0.001	0.001	0.997
0.001	0.001	0.997	0.001
0.527	0.001	0.471	0.001
0.001	0.322	0.536	0.141
0.146	0.534	0.319	0.001
>CCACCACSCC	8-CCACCACSCC	8.914207	-310.053218	0	T:277.0(65.95%),B:166.1(8.42%),P:1e-134	Tpos:1057.1,Tstd:607.2,Bpos:1030.0,Bstd:794.2,StrandBias:0.2,Multiplicity:2.13
0.004	0.970	0.013	0.013
0.001	0.985	0.004	0.010
0.615	0.192	0.103	0.090
0.013	0.985	0.001	0.001
0.013	0.893	0.001	0.093
0.439	0.271	0.251	0.040
0.006	0.853	0.027	0.114
0.157	0.303	0.420	0.120
0.090	0.870	0.039	0.001
0.001	0.970	0.001	0.028
>GTGCAGTGGC	9-GTGCAGTGGC	11.046825	-293.264649	0	T:172.0(40.95%),B:13.0(0.66%),P:1e-127	Tpos:840.4,Tstd:507.0,Bpos:614.4,Bstd:615.7,StrandBias:-0.2,Multiplicity:1.49
0.026	0.011	0.962	0.001
0.011	0.090	0.001	0.898
0.014	0.001	0.976	0.009
0.001	0.968	0.001	0.030
0.997	0.001	0.001	0.001
0.062	0.001	0.936	0.001
0.001	0.001	0.001	0.997
0.001	0.001	0.997	0.001
0.001	0.001	0.997	0.001
0.001	0.791	0.009	0.199
>AGGRCAGGAG	10-AGGRCAGGAG	9.493680	-289.081233	0	T:203.0(48.33%),B:48.7(2.47%),P:1e-125	Tpos:901.4,Tstd:543.0,Bpos:1009.7,Bstd:712.9,StrandBias:-0.2,Multiplicity:1.47
0.956	0.001	0.042	0.001
0.001	0.001	0.997	0.001
0.086	0.203	0.710	0.001
0.294	0.166	0.369	0.171
0.208	0.550	0.241	0.001
0.794	0.001	0.001	0.204
0.137	0.001	0.861	0.001
0.001	0.190	0.808	0.001
0.679	0.001	0.247	0.073
0.294	0.001	0.704	0.001
>GGGGGAGGGG	11-GGGGGAGGGG	7.802021	-286.777137	0	T:349.0(83.10%),B:431.5(21.87%),P:1e-124	Tpos:1281.1,Tstd:586.8,Bpos:996.7,Bstd:742.3,StrandBias:-0.3,Multiplicity:2.55
0.091	0.039	0.761	0.109
0.222	0.001	0.678	0.099
0.222	0.010	0.767	0.001
0.029	0.013	0.957	0.001
0.140	0.108	0.751	0.001
0.586	0.216	0.001	0.197
0.035	0.001	0.963	0.001
0.038	0.001	0.960	0.001
0.193	0.007	0.799	0.001
0.192	0.001	0.806	0.001
>GGTGGCTCAC	12-GGTGGCTCAC	10.203983	-279.464080	0	T:193.0(45.95%),B:41.9(2.12%),P:1e-121	Tpos:811.2,Tstd:528.5,Bpos:1024.0,Bstd:622.9,StrandBias:-0.4,Multiplicity:1.18
0.150	0.217	0.632	0.001
0.001	0.225	0.773	0.001
0.042	0.001	0.001	0.956
0.001	0.001	0.997	0.001
0.001	0.001	0.782	0.216
0.108	0.890	0.001	0.001
0.035	0.001	0.065	0.899
0.001	0.997	0.001	0.001
0.997	0.001	0.001	0.001
0.001	0.733	0.043	0.223
>AGACCAGCCT	13-AGACCAGCCT	10.942568	-278.767542	0	T:175.0(41.67%),B:21.5(1.09%),P:1e-121	Tpos:861.0,Tstd:519.0,Bpos:943.9,Bstd:543.5,StrandBias:-0.4,Multiplicity:1.17
0.997	0.001	0.001	0.001
0.001	0.001	0.997	0.001
0.832	0.001	0.166	0.001
0.001	0.997	0.001	0.001
0.001	0.639	0.001	0.359
0.698	0.134	0.001	0.167
0.001	0.001	0.665	0.333
0.001	0.981	0.017	0.001
0.038	0.696	0.001	0.265
0.134	0.017	0.001	0.848
>RGGCWGGGSH	14-RGGCWGGGSH	7.002467	-278.393927	0	T:392.0(93.33%),B:672.0(34.05%),P:1e-120	Tpos:1060.1,Tstd:592.4,Bpos:1000.4,Bstd:709.0,StrandBias:0.0,Multiplicity:2.13
0.472	0.001	0.438	0.090
0.084	0.001	0.810	0.105
0.050	0.132	0.783	0.035
0.076	0.855	0.068	0.001
0.516	0.001	0.070	0.413
0.001	0.001	0.993	0.005
0.292	0.061	0.590	0.057
0.215	0.114	0.499	0.172
0.227	0.377	0.379	0.018
0.295	0.223	0.156	0.325
>AAAATTAGCC	15-AAAATTAGCC	9.440127	-271.829728	0	T:181.0(43.10%),B:31.7(1.61%),P:1e-118	Tpos:881.3,Tstd:519.9,Bpos:1008.2,Bstd:519.3,StrandBias:-0.3,Multiplicity:1.20
0.997	0.001	0.001	0.001
0.980	0.001	0.018	0.001
0.997	0.001	0.001	0.001
0.997	0.001	0.001	0.001
0.001	0.022	0.001	0.976
0.001	0.001	0.001	0.997
0.997	0.001	0.001	0.001
0.040	0.001	0.958	0.001
0.001	0.997	0.001	0.001
0.001	0.726	0.001	0.272
>DGAGSCWSWG	16-DGAGSCWSWG	6.913561	-260.387104	0	T:358.0(85.24%),B:523.6(26.53%),P:1e-113	Tpos:989.6,Tstd:574.1,Bpos:1012.0,Bstd:746.2,StrandBias:-0.0,Multiplicity:1.88
0.210	0.120	0.324	0.346
0.083	0.342	0.574	0.001
0.674	0.006	0.098	0.222
0.080	0.066	0.851	0.003
0.169	0.362	0.391	0.077
0.068	0.855	0.001	0.076
0.395	0.127	0.010	0.469
0.001	0.449	0.521	0.029
0.446	0.064	0.154	0.337
0.150	0.122	0.723	0.005
>CCCAGCWSCY	17-CCCAGCWSCY	7.332453	-259.440118	0	T:335.0(79.76%),B:424.9(21.53%),P:1e-112	Tpos:1005.6,Tstd:582.3,Bpos:999.8,Bstd:711.9,StrandBias:0.1,Multiplicity:1.81
0.048	0.568	0.068	0.316
0.062	0.561	0.045	0.332
0.011	0.934	0.021	0.034
0.841	0.038	0.015	0.106
0.034	0.059	0.843	0.064
0.069	0.626	0.251	0.054
0.431	0.089	0.051	0.428
0.144	0.412	0.279	0.165
0.093	0.646	0.021	0.240
0.055	0.435	0.033	0.477
>TGAGBTCARG	18-TGAGBTCARG	8.515906	-258.633671	0	T:291.0(69.29%),B:272.0(13.78%),P:1e-112	Tpos:895.0,Tstd:514.5,Bpos:1017.9,Bstd:689.2,StrandBias:0.0,Multiplicity:1.80
0.032	0.194	0.195	0.579
0.001	0.001	0.997	0.001
0.574	0.001	0.417	0.008
0.169	0.106	0.665	0.060
0.020	0.296	0.283	0.401
0.001	0.249	0.001	0.749
0.001	0.997	0.001	0.001
0.934	0.001	0.041	0.024
0.429	0.001	0.569	0.001
0.092	0.055	0.852	0.001
>ATCCTCCTGC	19-ATCCTCCTGC	9.508142	-258.058572	0	T:210.0(50.00%),B:82.2(4.16%),P:1e-112	Tpos:886.2,Tstd:501.4,Bpos:961.9,Bstd:549.8,StrandBias:0.3,Multiplicity:1.90
0.859	0.045	0.001	0.095
0.045	0.045	0.001	0.909
0.001	0.609	0.045	0.345
0.001	0.997	0.001	0.001
0.320	0.028	0.102	0.550
0.001	0.981	0.001	0.017
0.001	0.997	0.001	0.001
0.084	0.350	0.001	0.565
0.151	0.001	0.847	0.001
0.001	0.953	0.045	0.001
>ACAGAGHGAG	20-ACAGAGHGAG	9.787922	-229.672866	0	T:208.0(49.52%),B:105.7(5.36%),P:1e-99	Tpos:873.5,Tstd:523.1,Bpos:937.6,Bstd:766.2,StrandBias:0.3,Multiplicity:1.34
0.945	0.021	0.033	0.001
0.047	0.725	0.227	0.001
0.997	0.001	0.001	0.001
0.001	0.001	0.997	0.001
0.997	0.001	0.001	0.001
0.001	0.001	0.997	0.001
0.322	0.285	0.081	0.313
0.361	0.001	0.637	0.001
0.997	0.001	0.001	0.001
0.137	0.001	0.861	0.001
>AACATGGTGA	21-AACATGGTGA	9.634864	-215.128224	0	T:165.0(39.29%),B:47.3(2.40%),P:1e-93	Tpos:824.8,Tstd:504.6,Bpos:1031.4,Bstd:698.3,StrandBias:-0.1,Multiplicity:1.34
0.997	0.001	0.001	0.001
0.997	0.001	0.001	0.001
0.001	0.957	0.041	0.001
0.997	0.001	0.001	0.001
0.001	0.156	0.001	0.842
0.113	0.001	0.885	0.001
0.001	0.001	0.997	0.001
0.072	0.047	0.001	0.880
0.001	0.001	0.997	0.001
0.997	0.001	0.001	0.001
>AAAAAAAAAA	22-AAAAAAAAAA	8.875470	-214.561478	0	T:333.0(79.29%),B:508.3(25.76%),P:1e-93	Tpos:857.7,Tstd:502.6,Bpos:964.8,Bstd:701.7,StrandBias:-0.0,Multiplicity:1.64
0.997	0.001	0.001	0.001
0.997	0.001	0.001	0.001
0.930	0.001	0.001	0.068
0.629	0.056	0.025	0.290
0.606	0.001	0.001	0.392
0.725	0.001	0.001	0.273
0.758	0.001	0.001	0.240
0.763	0.044	0.031	0.162
0.726	0.001	0.001	0.272
0.697	0.001	0.001	0.301
>CTTYCTTTCY	23-CTTYCTTTCY	7.502494	-211.362418	0	T:380.0(90.48%),B:760.6(38.55%),P:1e-91	Tpos:1004.2,Tstd:545.1,Bpos:999.4,Bstd:763.0,StrandBias:-0.4,Multiplicity:2.36
0.001	0.704	0.001	0.294
0.001	0.339	0.001	0.659
0.001	0.026	0.035	0.938
0.001	0.440	0.028	0.531
0.001	0.815	0.069	0.115
0.001	0.321	0.001	0.677
0.001	0.120	0.015	0.864
0.001	0.395	0.001	0.603
0.001	0.950	0.001	0.048
0.001	0.437	0.001	0.561
>WWTTTTAAAA	24-WWTTTTAAAA	8.157337	-114.926004	0	T:238.0(56.67%),B:382.9(19.41%),P:1e-49	Tpos:903.0,Tstd:532.7,Bpos:963.1,Bstd:688.4,StrandBias:0.1,Multiplicity:1.67
0.488	0.048	0.053	0.411
0.299	0.157	0.158	0.387
0.234	0.042	0.098	0.626
0.091	0.150	0.034	0.725
0.037	0.090	0.001	0.872
0.158	0.161	0.001	0.680
0.728	0.008	0.001	0.263
0.967	0.001	0.031	0.001
0.905	0.001	0.048	0.046
0.728	0.047	0.092	0.133
>GTGTGTGTGT	25-GTGTGTGTGT	10.412311	-112.606930	0	T:83.0(19.76%),B:16.3(0.83%),P:1e-48	Tpos:1068.4,Tstd:533.4,Bpos:777.2,Bstd:577.9,StrandBias:-0.3,Multiplicity:1.43
0.048	0.038	0.913	0.001
0.028	0.024	0.001	0.947
0.001	0.001	0.997	0.001
0.001	0.001	0.001	0.997
0.001	0.001	0.997	0.001
0.001	0.001	0.001	0.997
0.001	0.001	0.997	0.001
0.001	0.001	0.001	0.997
0.001	0.001	0.937	0.061
0.001	0.001	0.040	0.958
