>RGGAGGYNGAGR	1-RGGAGGYNGAGR	9.752769	-477.311205	0	T:261.0(62.14%),B:20.5(1.04%),P:1e-207	Tpos:823.7,Tstd:501.8,Bpos:771.2,Bstd:461.0,StrandBias:-0.3,Multiplicity:3.01
0.394	0.021	0.466	0.119
0.107	0.010	0.868	0.015
0.172	0.020	0.798	0.010
0.904	0.025	0.054	0.017
0.197	0.007	0.791	0.005
0.208	0.028	0.521	0.243
0.112	0.355	0.169	0.364
0.208	0.277	0.245	0.270
0.289	0.040	0.661	0.010
0.933	0.017	0.035	0.015
0.119	0.015	0.858	0.008
0.375	0.101	0.488	0.036
>TGTAATCCCAGC	2-TGTAATCCCAGC	9.249511	-469.389150	0	T:244.0(58.10%),B:8.0(0.41%),P:1e-203	Tpos:791.9,Tstd:503.2,Bpos:1023.4,Bstd:243.3,StrandBias:-0.2,Multiplicity:2.69
0.001	0.001	0.001	0.997
0.054	0.001	0.944	0.001
0.001	0.001	0.001	0.997
0.966	0.001	0.032	0.001
0.788	0.001	0.210	0.001
0.001	0.001	0.001	0.997
0.001	0.997	0.001	0.001
0.001	0.913	0.001	0.085
0.001	0.962	0.001	0.036
0.997	0.001	0.001	0.001
0.001	0.001	0.997	0.001
0.001	0.997	0.001	0.001
>YTGGGAGGCKGA	3-YTGGGAGGCKGA	9.765506	-453.402223	0	T:273.0(65.00%),B:45.8(2.32%),P:1e-196	Tpos:875.6,Tstd:534.0,Bpos:1045.8,Bstd:750.8,StrandBias:-0.3,Multiplicity:1.35
0.010	0.434	0.020	0.536
0.010	0.273	0.121	0.596
0.081	0.060	0.718	0.141
0.091	0.010	0.879	0.020
0.060	0.040	0.899	0.001
0.899	0.001	0.030	0.070
0.091	0.020	0.888	0.001
0.020	0.010	0.950	0.020
0.050	0.939	0.001	0.010
0.211	0.202	0.222	0.365
0.081	0.060	0.849	0.010
0.869	0.060	0.070	0.001
>GAGACRGGGTYT	4-GAGACRGGGTYT	10.733150	-429.904807	0	T:234.0(55.71%),B:13.8(0.70%),P:1e-186	Tpos:800.8,Tstd:490.1,Bpos:968.5,Bstd:633.7,StrandBias:0.1,Multiplicity:1.79
0.070	0.020	0.860	0.050
0.920	0.010	0.050	0.020
0.079	0.001	0.919	0.001
0.840	0.020	0.110	0.030
0.021	0.620	0.020	0.339
0.438	0.001	0.521	0.040
0.190	0.020	0.789	0.001
0.309	0.001	0.660	0.030
0.042	0.010	0.918	0.030
0.010	0.060	0.030	0.900
0.010	0.539	0.010	0.441
0.001	0.001	0.029	0.969
>WGNCCAGSCTGG	5-WGNCCAGSCTGG	9.698118	-416.406333	0	T:240.0(57.14%),B:24.0(1.22%),P:1e-180	Tpos:840.7,Tstd:501.2,Bpos:879.6,Bstd:834.3,StrandBias:0.0,Multiplicity:2.08
0.455	0.180	0.023	0.342
0.203	0.236	0.503	0.058
0.196	0.343	0.197	0.264
0.020	0.867	0.003	0.110
0.025	0.896	0.008	0.071
0.961	0.003	0.008	0.028
0.069	0.023	0.882	0.026
0.008	0.445	0.524	0.023
0.061	0.858	0.028	0.053
0.043	0.020	0.008	0.929
0.023	0.018	0.936	0.023
0.048	0.028	0.899	0.025
>AAAAAAAAAAAA	6-AAAAAAAAAAAA	2.789976	-402.046784	0	T:332.0(79.05%),B:206.2(10.45%),P:1e-174	Tpos:886.7,Tstd:531.4,Bpos:938.8,Bstd:668.0,StrandBias:0.0,Multiplicity:2.98
0.997	0.001	0.001	0.001
0.997	0.001	0.001	0.001
0.997	0.001	0.001	0.001
0.997	0.001	0.001	0.001
0.997	0.001	0.001	0.001
0.997	0.001	0.001	0.001
0.997	0.001	0.001	0.001
0.929	0.001	0.069	0.001
0.997	0.001	0.001	0.001
0.997	0.001	0.001	0.001
0.997	0.001	0.001	0.001
0.997	0.001	0.001	0.001
>GAGACCAGCCTG	7-GAGACCAGCCTG	10.082235	-380.602596	0	T:232.0(55.24%),B:32.4(1.64%),P:1e-165	Tpos:894.2,Tstd:542.9,Bpos:846.2,Bstd:639.2,StrandBias:-0.1,Multiplicity:1.26
0.155	0.122	0.709	0.014
0.958	0.001	0.001	0.040
0.022	0.054	0.923	0.001
0.841	0.036	0.109	0.014
0.082	0.809	0.095	0.014
0.031	0.851	0.001	0.117
0.828	0.081	0.001	0.090
0.050	0.096	0.702	0.152
0.027	0.909	0.001	0.063
0.014	0.890	0.027	0.069
0.108	0.068	0.001	0.823
0.077	0.095	0.801	0.027
>GTGGCKCAYGCC	8-GTGGCKCAYGCC	9.356535	-379.982888	0	T:240.0(57.14%),B:42.3(2.14%),P:1e-165	Tpos:811.7,Tstd:497.3,Bpos:1063.0,Bstd:691.7,StrandBias:-0.4,Multiplicity:2.06
0.077	0.053	0.869	0.001
0.042	0.042	0.012	0.904
0.065	0.001	0.928	0.006
0.066	0.036	0.838	0.060
0.036	0.659	0.054	0.251
0.215	0.078	0.318	0.389
0.048	0.640	0.258	0.054
0.478	0.150	0.276	0.096
0.090	0.456	0.108	0.347
0.275	0.054	0.611	0.060
0.001	0.803	0.095	0.101
0.018	0.833	0.006	0.143
>TTGCAGTGAGCC	9-TTGCAGTGAGCC	8.906070	-377.891864	0	T:201.0(47.86%),B:5.6(0.28%),P:1e-164	Tpos:827.6,Tstd:482.3,Bpos:561.9,Bstd:438.6,StrandBias:-0.1,Multiplicity:1.43
0.004	0.106	0.001	0.889
0.001	0.004	0.004	0.991
0.023	0.001	0.972	0.004
0.004	0.991	0.001	0.004
0.972	0.001	0.026	0.001
0.018	0.001	0.972	0.009
0.004	0.004	0.001	0.991
0.004	0.001	0.991	0.004
0.991	0.004	0.001	0.004
0.004	0.001	0.991	0.004
0.001	0.994	0.004	0.001
0.018	0.842	0.001	0.139
>AGCTCAGGWGWT	10-AGCTCAGGWGWT	10.403597	-377.175846	0	T:226.0(53.81%),B:27.9(1.42%),P:1e-163	Tpos:815.0,Tstd:489.7,Bpos:1119.2,Bstd:358.1,StrandBias:-0.0,Multiplicity:2.03
0.758	0.001	0.240	0.001
0.145	0.204	0.650	0.001
0.066	0.592	0.225	0.117
0.015	0.285	0.022	0.678
0.007	0.912	0.001	0.080
0.992	0.001	0.001	0.006
0.270	0.001	0.728	0.001
0.036	0.021	0.942	0.001
0.512	0.001	0.036	0.451
0.051	0.029	0.884	0.036
0.439	0.001	0.102	0.459
0.001	0.001	0.047	0.951
>TTYYTTYYTTYT	11-TTYYTTYYTTYT	7.827145	-323.685660	0	T:379.0(90.24%),B:502.1(25.45%),P:1e-140	Tpos:1000.4,Tstd:523.1,Bpos:1033.6,Bstd:743.1,StrandBias:-0.2,Multiplicity:1.59
0.131	0.312	0.001	0.556
0.004	0.352	0.098	0.546
0.007	0.419	0.009	0.565
0.141	0.378	0.007	0.474
0.006	0.309	0.001	0.684
0.005	0.388	0.010	0.597
0.008	0.452	0.013	0.527
0.107	0.390	0.004	0.499
0.002	0.376	0.005	0.617
0.007	0.409	0.007	0.577
0.031	0.525	0.004	0.440
0.212	0.308	0.006	0.475
>ACGCCCGGCTAA	12-ACGCCCGGCTAA	10.489343	-313.825939	0	T:184.0(43.81%),B:14.8(0.75%),P:1e-136	Tpos:830.7,Tstd:512.1,Bpos:989.8,Bstd:659.9,StrandBias:0.2,Multiplicity:1.42
0.805	0.001	0.162	0.032
0.032	0.721	0.049	0.198
0.311	0.001	0.640	0.048
0.001	0.805	0.032	0.162
0.001	0.934	0.001	0.064
0.016	0.559	0.016	0.409
0.278	0.001	0.720	0.001
0.001	0.001	0.997	0.001
0.001	0.950	0.001	0.048
0.048	0.146	0.001	0.805
0.918	0.001	0.080	0.001
0.951	0.016	0.001	0.032
>GCAGTGGYGCRA	13-GCAGTGGYGCRA	10.540802	-311.672849	0	T:183.0(43.57%),B:14.2(0.72%),P:1e-135	Tpos:851.7,Tstd:508.6,Bpos:980.9,Bstd:612.7,StrandBias:-0.3,Multiplicity:1.34
0.017	0.001	0.981	0.001
0.018	0.909	0.018	0.055
0.944	0.001	0.001	0.054
0.147	0.001	0.851	0.001
0.018	0.054	0.036	0.892
0.017	0.001	0.981	0.001
0.001	0.001	0.981	0.017
0.001	0.513	0.001	0.485
0.310	0.019	0.616	0.055
0.073	0.615	0.145	0.167
0.410	0.092	0.443	0.055
0.981	0.001	0.001	0.017
>GCGATTCTCCTG	14-GCGATTCTCCTG	10.163079	-295.526693	0	T:184.0(43.81%),B:22.4(1.14%),P:1e-128	Tpos:830.1,Tstd:492.0,Bpos:1006.7,Bstd:577.2,StrandBias:0.3,Multiplicity:1.44
0.097	0.065	0.837	0.001
0.146	0.478	0.114	0.262
0.181	0.293	0.445	0.082
0.951	0.001	0.032	0.016
0.017	0.065	0.065	0.853
0.001	0.392	0.001	0.606
0.016	0.935	0.016	0.033
0.180	0.048	0.001	0.771
0.016	0.935	0.001	0.048
0.098	0.755	0.033	0.114
0.065	0.149	0.032	0.754
0.051	0.033	0.900	0.016
>CAGAGCGAGACT	15-CAGAGCGAGACT	10.093302	-289.215086	0	T:180.0(42.86%),B:21.3(1.08%),P:1e-125	Tpos:837.8,Tstd:518.6,Bpos:747.1,Bstd:590.8,StrandBias:0.1,Multiplicity:1.18
0.039	0.842	0.001	0.118
0.940	0.020	0.020	0.020
0.085	0.060	0.795	0.060
0.959	0.001	0.020	0.020
0.059	0.039	0.901	0.001
0.137	0.576	0.001	0.286
0.238	0.178	0.505	0.079
0.899	0.001	0.060	0.040
0.019	0.001	0.979	0.001
0.900	0.040	0.059	0.001
0.019	0.901	0.001	0.079
0.119	0.264	0.039	0.578
>GTGATCCDCCCA	16-GTGATCCDCCCA	9.394110	-272.432340	0	T:213.0(50.71%),B:75.8(3.84%),P:1e-118	Tpos:908.0,Tstd:516.5,Bpos:1125.0,Bstd:635.4,StrandBias:0.2,Multiplicity:1.39
0.172	0.001	0.801	0.026
0.039	0.331	0.144	0.485
0.159	0.053	0.722	0.066
0.873	0.092	0.022	0.013
0.001	0.065	0.013	0.921
0.013	0.841	0.001	0.145
0.001	0.735	0.001	0.263
0.246	0.053	0.331	0.370
0.001	0.920	0.001	0.078
0.001	0.986	0.001	0.012
0.001	0.657	0.013	0.329
0.529	0.001	0.339	0.131
>CACYATGTTGGC	17-CACYATGTTGGC	9.426013	-259.723144	0	T:148.0(35.24%),B:6.4(0.32%),P:1e-112	Tpos:809.8,Tstd:507.3,Bpos:1153.0,Bstd:598.0,StrandBias:0.3,Multiplicity:1.24
0.001	0.700	0.015	0.284
0.485	0.269	0.211	0.035
0.001	0.596	0.142	0.261
0.008	0.458	0.119	0.415
0.519	0.012	0.334	0.135
0.127	0.104	0.015	0.754
0.089	0.027	0.723	0.161
0.012	0.185	0.146	0.657
0.015	0.004	0.262	0.719
0.334	0.008	0.643	0.015
0.111	0.342	0.535	0.012
0.019	0.620	0.115	0.246
>YYYCYYYCYYYC	18-YYYCYYYCYYYC	7.999789	-256.677328	0	T:243.0(57.86%),B:148.3(7.51%),P:1e-111	Tpos:1086.2,Tstd:545.3,Bpos:1023.6,Bstd:787.1,StrandBias:-0.3,Multiplicity:1.76
0.040	0.471	0.049	0.440
0.045	0.471	0.033	0.451
0.043	0.455	0.035	0.467
0.041	0.590	0.044	0.325
0.044	0.446	0.033	0.477
0.042	0.447	0.041	0.469
0.043	0.456	0.042	0.459
0.047	0.580	0.046	0.327
0.050	0.438	0.034	0.478
0.035	0.475	0.034	0.456
0.041	0.497	0.037	0.425
0.057	0.595	0.043	0.305
>RGRRRRRCAGGR	19-RGRRRRRCAGGR	7.822777	-241.673121	0	T:336.0(80.00%),B:463.7(23.50%),P:1e-104	Tpos:1072.7,Tstd:590.4,Bpos:1002.6,Bstd:772.2,StrandBias:-0.1,Multiplicity:1.75
0.339	0.039	0.436	0.186
0.212	0.029	0.666	0.093
0.394	0.034	0.529	0.043
0.412	0.044	0.493	0.050
0.381	0.096	0.491	0.032
0.282	0.175	0.429	0.113
0.377	0.082	0.391	0.149
0.058	0.568	0.342	0.032
0.996	0.001	0.001	0.002
0.001	0.001	0.997	0.001
0.392	0.042	0.563	0.003
0.449	0.001	0.549	0.001
>DGTGGRGARRGG	20-DGTGGRGARRGG	7.804800	-240.475782	0	T:360.0(85.71%),B:576.1(29.19%),P:1e-104	Tpos:1020.3,Tstd:585.5,Bpos:988.4,Bstd:770.2,StrandBias:-0.1,Multiplicity:1.64
0.396	0.001	0.343	0.260
0.099	0.231	0.669	0.001
0.355	0.001	0.001	0.643
0.314	0.001	0.647	0.038
0.032	0.074	0.772	0.122
0.537	0.001	0.461	0.001
0.203	0.001	0.795	0.001
0.751	0.003	0.001	0.245
0.395	0.180	0.261	0.164
0.553	0.001	0.445	0.001
0.273	0.003	0.718	0.006
0.003	0.010	0.830	0.157
>AAAAWAWWAAAA	21-AAAAWAWWAAAA	8.777064	-238.969309	0	T:347.0(82.62%),B:517.2(26.21%),P:1e-103	Tpos:838.7,Tstd:508.9,Bpos:975.7,Bstd:679.9,StrandBias:0.1,Multiplicity:1.86
0.646	0.001	0.023	0.330
0.662	0.004	0.085	0.249
0.997	0.001	0.001	0.001
0.724	0.001	0.001	0.274
0.543	0.001	0.001	0.455
0.616	0.001	0.079	0.304
0.487	0.112	0.001	0.400
0.540	0.001	0.001	0.458
0.570	0.070	0.085	0.275
0.955	0.001	0.043	0.001
0.640	0.073	0.001	0.286
0.548	0.001	0.054	0.397
>CGCGCCCRGCCC	22-CGCGCCCRGCCC	8.311275	-191.836679	0	T:261.0(62.14%),B:291.0(14.75%),P:1e-83	Tpos:1112.2,Tstd:598.0,Bpos:1002.9,Bstd:747.7,StrandBias:0.3,Multiplicity:1.63
0.009	0.590	0.152	0.249
0.195	0.322	0.482	0.001
0.001	0.525	0.213	0.261
0.176	0.090	0.537	0.197
0.001	0.961	0.037	0.001
0.001	0.886	0.109	0.004
0.001	0.747	0.001	0.251
0.387	0.095	0.517	0.001
0.001	0.061	0.937	0.001
0.001	0.812	0.186	0.001
0.008	0.990	0.001	0.001
0.090	0.544	0.095	0.271
>CCCSCCCCCSCC	23-CCCSCCCCCSCC	9.103956	-182.979394	0	T:190.0(45.24%),B:121.6(6.16%),P:1e-79	Tpos:1581.0,Tstd:536.0,Bpos:1077.1,Bstd:724.5,StrandBias:0.1,Multiplicity:1.94
0.001	0.804	0.194	0.001
0.001	0.957	0.041	0.001
0.061	0.709	0.182	0.048
0.089	0.467	0.381	0.064
0.021	0.760	0.185	0.034
0.030	0.933	0.036	0.001
0.033	0.751	0.167	0.049
0.012	0.945	0.001	0.042
0.121	0.499	0.279	0.101
0.048	0.465	0.447	0.039
0.001	0.902	0.078	0.019
0.012	0.978	0.009	0.001
>RGGAYCCAGGAA	24-RGGAYCCAGGAA	7.054622	-173.936242	0	T:354.0(84.29%),B:713.1(36.14%),P:1e-75	Tpos:994.4,Tstd:561.0,Bpos:976.3,Bstd:741.7,StrandBias:-0.1,Multiplicity:1.82
0.434	0.001	0.290	0.275
0.321	0.001	0.677	0.001
0.247	0.001	0.751	0.001
0.576	0.007	0.365	0.052
0.030	0.432	0.246	0.293
0.315	0.558	0.015	0.112
0.001	0.997	0.001	0.001
0.997	0.001	0.001	0.001
0.001	0.001	0.997	0.001
0.314	0.001	0.684	0.001
0.768	0.001	0.230	0.001
0.813	0.001	0.185	0.001
>GTGTGTGTGTGT	25-GTGTGTGTGTGT	9.596673	-109.421064	0	T:95.0(22.62%),B:34.0(1.72%),P:1e-47	Tpos:1094.1,Tstd:525.6,Bpos:1248.5,Bstd:491.6,StrandBias:-0.3,Multiplicity:1.46
0.102	0.060	0.754	0.084
0.078	0.081	0.073	0.768
0.066	0.038	0.836	0.060
0.063	0.052	0.042	0.843
0.052	0.014	0.889	0.045
0.060	0.038	0.035	0.867
0.045	0.038	0.886	0.031
0.060	0.038	0.049	0.853
0.080	0.028	0.833	0.059
0.032	0.028	0.063	0.877
0.077	0.031	0.801	0.091
0.073	0.059	0.066	0.802
