>RGGAGGYNGAGR	1-RGGAGGYNGAGR,BestGuess:ZNF135/MA1587.1/Jaspar(0.862)	9.752769	-477.311205	0	T:261.0(62.14%),B:20.5(1.04%),P:1e-207
0.394	0.021	0.466	0.119
0.107	0.010	0.868	0.015
0.172	0.020	0.798	0.010
0.904	0.025	0.054	0.017
0.197	0.007	0.791	0.005
0.208	0.028	0.521	0.243
0.112	0.355	0.169	0.364
0.208	0.277	0.245	0.270
0.289	0.040	0.661	0.010
0.933	0.017	0.035	0.015
0.119	0.015	0.858	0.008
0.375	0.101	0.488	0.036
>TGTAATCCCAGC	2-TGTAATCCCAGC,BestGuess:Zfp809/MA2125.1/Jaspar(0.762)	9.249511	-469.389150	0	T:244.0(58.10%),B:8.0(0.41%),P:1e-203
0.001	0.001	0.001	0.997
0.054	0.001	0.944	0.001
0.001	0.001	0.001	0.997
0.966	0.001	0.032	0.001
0.788	0.001	0.210	0.001
0.001	0.001	0.001	0.997
0.001	0.997	0.001	0.001
0.001	0.913	0.001	0.085
0.001	0.962	0.001	0.036
0.997	0.001	0.001	0.001
0.001	0.001	0.997	0.001
0.001	0.997	0.001	0.001
>GAGACRGGGTYT	4-GAGACRGGGTYT,BestGuess:PK21687.1/MA2357.1/Jaspar(0.611)	10.733150	-429.904807	0	T:234.0(55.71%),B:13.8(0.70%),P:1e-186
0.070	0.020	0.860	0.050
0.920	0.010	0.050	0.020
0.079	0.001	0.919	0.001
0.840	0.020	0.110	0.030
0.021	0.620	0.020	0.339
0.438	0.001	0.521	0.040
0.190	0.020	0.789	0.001
0.309	0.001	0.660	0.030
0.042	0.010	0.918	0.030
0.010	0.060	0.030	0.900
0.010	0.539	0.010	0.441
0.001	0.001	0.029	0.969
>WGNCCAGSCTGG	5-WGNCCAGSCTGG,BestGuess:ZNF213/MA2121.1/Jaspar(0.802)	9.698118	-416.406333	0	T:240.0(57.14%),B:24.0(1.22%),P:1e-180
0.455	0.180	0.023	0.342
0.203	0.236	0.503	0.058
0.196	0.343	0.197	0.264
0.020	0.867	0.003	0.110
0.025	0.896	0.008	0.071
0.961	0.003	0.008	0.028
0.069	0.023	0.882	0.026
0.008	0.445	0.524	0.023
0.061	0.858	0.028	0.053
0.043	0.020	0.008	0.929
0.023	0.018	0.936	0.023
0.048	0.028	0.899	0.025
>AAAAAAAAAAAA	6-AAAAAAAAAAAA,BestGuess:SeqBias: polyA-repeat(0.911)	2.789976	-402.046784	0	T:332.0(79.05%),B:206.2(10.45%),P:1e-174
0.997	0.001	0.001	0.001
0.997	0.001	0.001	0.001
0.997	0.001	0.001	0.001
0.997	0.001	0.001	0.001
0.997	0.001	0.001	0.001
0.997	0.001	0.001	0.001
0.997	0.001	0.001	0.001
0.929	0.001	0.069	0.001
0.997	0.001	0.001	0.001
0.997	0.001	0.001	0.001
0.997	0.001	0.001	0.001
0.997	0.001	0.001	0.001
>GTGGCKCAYGCC	8-GTGGCKCAYGCC,BestGuess:MET31/MA0333.2/Jaspar(0.755)	9.356535	-379.982888	0	T:240.0(57.14%),B:42.3(2.14%),P:1e-165
0.077	0.053	0.869	0.001
0.042	0.042	0.012	0.904
0.065	0.001	0.928	0.006
0.066	0.036	0.838	0.060
0.036	0.659	0.054	0.251
0.215	0.078	0.318	0.389
0.048	0.640	0.258	0.054
0.478	0.150	0.276	0.096
0.090	0.456	0.108	0.347
0.275	0.054	0.611	0.060
0.001	0.803	0.095	0.101
0.018	0.833	0.006	0.143
>TTGCAGTGAGCC	9-TTGCAGTGAGCC,BestGuess:PB0091.1_Zbtb3_1/Jaspar(0.718)	8.906070	-377.891864	0	T:201.0(47.86%),B:5.6(0.28%),P:1e-164
0.004	0.106	0.001	0.889
0.001	0.004	0.004	0.991
0.023	0.001	0.972	0.004
0.004	0.991	0.001	0.004
0.972	0.001	0.026	0.001
0.018	0.001	0.972	0.009
0.004	0.004	0.001	0.991
0.004	0.001	0.991	0.004
0.991	0.004	0.001	0.004
0.004	0.001	0.991	0.004
0.001	0.994	0.004	0.001
0.018	0.842	0.001	0.139
>AGCTCAGGWGWT	10-AGCTCAGGWGWT,BestGuess:RAV1(2)(AP2/EREBP)/Arabidopsis thaliana/AthaMap(0.820)	10.403597	-377.175846	0	T:226.0(53.81%),B:27.9(1.42%),P:1e-163
0.758	0.001	0.240	0.001
0.145	0.204	0.650	0.001
0.066	0.592	0.225	0.117
0.015	0.285	0.022	0.678
0.007	0.912	0.001	0.080
0.992	0.001	0.001	0.006
0.270	0.001	0.728	0.001
0.036	0.021	0.942	0.001
0.512	0.001	0.036	0.451
0.051	0.029	0.884	0.036
0.439	0.001	0.102	0.459
0.001	0.001	0.047	0.951
>ACGCCCGGCTAA	12-ACGCCCGGCTAA,BestGuess:REB1(MacIsaac)/Yeast(0.635)	10.489343	-313.825939	0	T:184.0(43.81%),B:14.8(0.75%),P:1e-136
0.805	0.001	0.162	0.032
0.032	0.721	0.049	0.198
0.311	0.001	0.640	0.048
0.001	0.805	0.032	0.162
0.001	0.934	0.001	0.064
0.016	0.559	0.016	0.409
0.278	0.001	0.720	0.001
0.001	0.001	0.997	0.001
0.001	0.950	0.001	0.048
0.048	0.146	0.001	0.805
0.918	0.001	0.080	0.001
0.951	0.016	0.001	0.032
>GCAGTGGYGCRA	13-GCAGTGGYGCRA,BestGuess:PB0091.1_Zbtb3_1/Jaspar(0.696)	10.540802	-311.672849	0	T:183.0(43.57%),B:14.2(0.72%),P:1e-135
0.017	0.001	0.981	0.001
0.018	0.909	0.018	0.055
0.944	0.001	0.001	0.054
0.147	0.001	0.851	0.001
0.018	0.054	0.036	0.892
0.017	0.001	0.981	0.001
0.001	0.001	0.981	0.017
0.001	0.513	0.001	0.485
0.310	0.019	0.616	0.055
0.073	0.615	0.145	0.167
0.410	0.092	0.443	0.055
0.981	0.001	0.001	0.017
>CCACCACSCC	8-CCACCACSCC,BestGuess:SeqBias: polyC-repeat(0.806)	8.914207	-310.053218	0	T:277.0(65.95%),B:166.1(8.42%),P:1e-134
0.004	0.970	0.013	0.013
0.001	0.985	0.004	0.010
0.615	0.192	0.103	0.090
0.013	0.985	0.001	0.001
0.013	0.893	0.001	0.093
0.439	0.271	0.251	0.040
0.006	0.853	0.027	0.114
0.157	0.303	0.420	0.120
0.090	0.870	0.039	0.001
0.001	0.970	0.001	0.028
>GCGATTCTCCTG	14-GCGATTCTCCTG,BestGuess:LIN28A(CSD,Znf)/Homo_sapiens-RNCMPT00036-PBM/HughesRNA(0.709)	10.163079	-295.526693	0	T:184.0(43.81%),B:22.4(1.14%),P:1e-128
0.097	0.065	0.837	0.001
0.146	0.478	0.114	0.262
0.181	0.293	0.445	0.082
0.951	0.001	0.032	0.016
0.017	0.065	0.065	0.853
0.001	0.392	0.001	0.606
0.016	0.935	0.016	0.033
0.180	0.048	0.001	0.771
0.016	0.935	0.001	0.048
0.098	0.755	0.033	0.114
0.065	0.149	0.032	0.754
0.051	0.033	0.900	0.016
>CAGAGCGAGACT	15-CAGAGCGAGACT,BestGuess:SeqBias: GA-repeat(0.686)	10.093302	-289.215086	0	T:180.0(42.86%),B:21.3(1.08%),P:1e-125
0.039	0.842	0.001	0.118
0.940	0.020	0.020	0.020
0.085	0.060	0.795	0.060
0.959	0.001	0.020	0.020
0.059	0.039	0.901	0.001
0.137	0.576	0.001	0.286
0.238	0.178	0.505	0.079
0.899	0.001	0.060	0.040
0.019	0.001	0.979	0.001
0.900	0.040	0.059	0.001
0.019	0.901	0.001	0.079
0.119	0.264	0.039	0.578
>AAAATTAGCC	15-AAAATTAGCC,BestGuess:ceh-10/MA2179.1/Jaspar(0.794)	9.440127	-271.829728	0	T:181.0(43.10%),B:31.7(1.61%),P:1e-118
0.997	0.001	0.001	0.001
0.980	0.001	0.018	0.001
0.997	0.001	0.001	0.001
0.997	0.001	0.001	0.001
0.001	0.022	0.001	0.976
0.001	0.001	0.001	0.997
0.997	0.001	0.001	0.001
0.040	0.001	0.958	0.001
0.001	0.997	0.001	0.001
0.001	0.726	0.001	0.272
>CACYATGTTGGC	17-CACYATGTTGGC,BestGuess:RAV1/MA0582.2/Jaspar(0.698)	9.426013	-259.723144	0	T:148.0(35.24%),B:6.4(0.32%),P:1e-112
0.001	0.700	0.015	0.284
0.485	0.269	0.211	0.035
0.001	0.596	0.142	0.261
0.008	0.458	0.119	0.415
0.519	0.012	0.334	0.135
0.127	0.104	0.015	0.754
0.089	0.027	0.723	0.161
0.012	0.185	0.146	0.657
0.015	0.004	0.262	0.719
0.334	0.008	0.643	0.015
0.111	0.342	0.535	0.012
0.019	0.620	0.115	0.246
>CCCAGCWSCY	17-CCCAGCWSCY,BestGuess:ACE2/MA0267.2/Jaspar(0.799)	7.332453	-259.440118	0	T:335.0(79.76%),B:424.9(21.53%),P:1e-112
0.048	0.568	0.068	0.316
0.062	0.561	0.045	0.332
0.011	0.934	0.021	0.034
0.841	0.038	0.015	0.106
0.034	0.059	0.843	0.064
0.069	0.626	0.251	0.054
0.431	0.089	0.051	0.428
0.144	0.412	0.279	0.165
0.093	0.646	0.021	0.240
0.055	0.435	0.033	0.477
>DGTGGRGARRGG	20-DGTGGRGARRGG,BestGuess:ZNF467(Zf)/HEK293-ZNF467.GFP-ChIP-Seq(GSE58341)/Homer(0.692)	7.804800	-240.475782	0	T:360.0(85.71%),B:576.1(29.19%),P:1e-104
0.396	0.001	0.343	0.260
0.099	0.231	0.669	0.001
0.355	0.001	0.001	0.643
0.314	0.001	0.647	0.038
0.032	0.074	0.772	0.122
0.537	0.001	0.461	0.001
0.203	0.001	0.795	0.001
0.751	0.003	0.001	0.245
0.395	0.180	0.261	0.164
0.553	0.001	0.445	0.001
0.273	0.003	0.718	0.006
0.003	0.010	0.830	0.157
>CTTYCTTTCY	23-CTTYCTTTCY,BestGuess:SeqBias: G/A bias(0.772)	7.502494	-211.362418	0	T:380.0(90.48%),B:760.6(38.55%),P:1e-91
0.001	0.704	0.001	0.294
0.001	0.339	0.001	0.659
0.001	0.026	0.035	0.938
0.001	0.440	0.028	0.531
0.001	0.815	0.069	0.115
0.001	0.321	0.001	0.677
0.001	0.120	0.015	0.864
0.001	0.395	0.001	0.603
0.001	0.950	0.001	0.048
0.001	0.437	0.001	0.561
>CGCGCCCRGCCC	22-CGCGCCCRGCCC,BestGuess:SKN7/SKN7_H2O2Lo/[](Harbison)/Yeast(0.787)	8.311275	-191.836679	0	T:261.0(62.14%),B:291.0(14.75%),P:1e-83
0.009	0.590	0.152	0.249
0.195	0.322	0.482	0.001
0.001	0.525	0.213	0.261
0.176	0.090	0.537	0.197
0.001	0.961	0.037	0.001
0.001	0.886	0.109	0.004
0.001	0.747	0.001	0.251
0.387	0.095	0.517	0.001
0.001	0.061	0.937	0.001
0.001	0.812	0.186	0.001
0.008	0.990	0.001	0.001
0.090	0.544	0.095	0.271
>RGGAYCCAGGAA	24-RGGAYCCAGGAA,BestGuess:ERG(ETS)/VCaP-ERG-ChIP-Seq(GSE14097)/Homer(0.738)	7.054622	-173.936242	0	T:354.0(84.29%),B:713.1(36.14%),P:1e-75
0.434	0.001	0.290	0.275
0.321	0.001	0.677	0.001
0.247	0.001	0.751	0.001
0.576	0.007	0.365	0.052
0.030	0.432	0.246	0.293
0.315	0.558	0.015	0.112
0.001	0.997	0.001	0.001
0.997	0.001	0.001	0.001
0.001	0.001	0.997	0.001
0.314	0.001	0.684	0.001
0.768	0.001	0.230	0.001
0.813	0.001	0.185	0.001
>GGTTCAAG	18-GGTTCAAG,BestGuess:ZBTB6/MA1581.2/Jaspar(0.858)	9.424257	-141.162249	0	T:202.0(48.10%),B:212.2(10.75%),P:1e-61
0.001	0.001	0.997	0.001
0.001	0.001	0.997	0.001
0.001	0.193	0.001	0.805
0.001	0.001	0.001	0.997
0.001	0.997	0.001	0.001
0.997	0.001	0.001	0.001
0.997	0.001	0.001	0.001
0.001	0.001	0.997	0.001
>WWTTTTAAAA	24-WWTTTTAAAA,BestGuess:Unknown6/Drosophila-Promoters/Homer(0.924)	8.157337	-114.926004	0	T:238.0(56.67%),B:382.9(19.41%),P:1e-49
0.488	0.048	0.053	0.411
0.299	0.157	0.158	0.387
0.234	0.042	0.098	0.626
0.091	0.150	0.034	0.725
0.037	0.090	0.001	0.872
0.158	0.161	0.001	0.680
0.728	0.008	0.001	0.263
0.967	0.001	0.031	0.001
0.905	0.001	0.048	0.046
0.728	0.047	0.092	0.133
>GTGTGTGTGT	25-GTGTGTGTGT,BestGuess:cg/MA2107.1/Jaspar(0.959)	10.412311	-112.606930	0	T:83.0(19.76%),B:16.3(0.83%),P:1e-48
0.048	0.038	0.913	0.001
0.028	0.024	0.001	0.947
0.001	0.001	0.997	0.001
0.001	0.001	0.001	0.997
0.001	0.001	0.997	0.001
0.001	0.001	0.001	0.997
0.001	0.001	0.997	0.001
0.001	0.001	0.001	0.997
0.001	0.001	0.937	0.061
0.001	0.001	0.040	0.958
>CTCTACTA	22-CTCTACTA,BestGuess:MSI(RRM)/Drosophila_melanogaster-RNCMPT00100-PBM/HughesRNA(0.767)	8.236954	-111.697544	0	T:147.0(35.00%),B:126.5(6.41%),P:1e-48
0.100	0.700	0.100	0.100
0.100	0.100	0.100	0.700
0.100	0.700	0.100	0.100
0.100	0.100	0.100	0.700
0.700	0.100	0.100	0.100
0.100	0.700	0.100	0.100
0.100	0.100	0.100	0.700
0.700	0.100	0.100	0.100
