>TGTAATCCCA	1-TGTAATCCCA	12.280596	-417.437276	0	T:216.0(51.43%),B:3.1(0.16%),P:1e-181	Tpos:805.9,Tstd:506.3,Bpos:1113.9,Bstd:282.6,StrandBias:-0.2,Multiplicity:2.23
0.001	0.001	0.001	0.997
0.051	0.001	0.947	0.001
0.001	0.001	0.001	0.997
0.997	0.001	0.001	0.001
0.763	0.001	0.235	0.001
0.001	0.001	0.001	0.997
0.001	0.997	0.001	0.001
0.001	0.943	0.001	0.055
0.001	0.997	0.001	0.001
0.997	0.001	0.001	0.001
>GAGGCNGAGG	2-GAGGCNGAGG	11.113153	-413.272506	0	T:249.0(59.29%),B:34.0(1.75%),P:1e-179	Tpos:836.9,Tstd:502.9,Bpos:1068.3,Bstd:629.8,StrandBias:-0.2,Multiplicity:2.63
0.001	0.001	0.997	0.001
0.972	0.001	0.026	0.001
0.064	0.001	0.934	0.001
0.001	0.001	0.997	0.001
0.001	0.817	0.001	0.181
0.226	0.324	0.182	0.268
0.323	0.001	0.675	0.001
0.997	0.001	0.001	0.001
0.063	0.001	0.935	0.001
0.109	0.001	0.889	0.001
>YCCAGSCTGG	3-YCCAGSCTGG	11.158627	-380.929630	0	T:223.0(53.10%),B:21.6(1.11%),P:1e-165	Tpos:847.4,Tstd:505.6,Bpos:952.6,Bstd:739.6,StrandBias:0.0,Multiplicity:1.96
0.193	0.344	0.136	0.327
0.001	0.997	0.001	0.001
0.001	0.997	0.001	0.001
0.997	0.001	0.001	0.001
0.001	0.001	0.997	0.001
0.010	0.485	0.504	0.001
0.001	0.997	0.001	0.001
0.001	0.001	0.001	0.997
0.001	0.001	0.997	0.001
0.001	0.001	0.997	0.001
>GAGACGGGGT	4-GAGACGGGGT	10.629408	-358.789586	0	T:220.0(52.38%),B:28.6(1.47%),P:1e-155	Tpos:791.0,Tstd:491.3,Bpos:1001.3,Bstd:693.8,StrandBias:0.1,Multiplicity:1.96
0.013	0.001	0.985	0.001
0.997	0.001	0.001	0.001
0.008	0.001	0.990	0.001
0.997	0.001	0.001	0.001
0.024	0.759	0.001	0.216
0.225	0.001	0.773	0.001
0.001	0.006	0.992	0.001
0.247	0.001	0.751	0.001
0.001	0.001	0.997	0.001
0.001	0.001	0.001	0.997
>GGAGGCDGAG	5-GGAGGCDGAG	7.374930	-354.565837	0	T:351.0(83.57%),B:323.0(16.60%),P:1e-153	Tpos:1031.3,Tstd:591.1,Bpos:957.7,Bstd:768.7,StrandBias:-0.2,Multiplicity:1.95
0.211	0.052	0.582	0.155
0.131	0.131	0.729	0.009
0.709	0.038	0.196	0.057
0.163	0.021	0.772	0.044
0.207	0.139	0.597	0.057
0.203	0.477	0.199	0.121
0.380	0.034	0.272	0.314
0.040	0.121	0.837	0.002
0.528	0.051	0.316	0.105
0.116	0.061	0.799	0.024
>TTTTTTTTTT	6-TTTTTTTTTT	9.280538	-332.914870	0	T:329.0(78.33%),B:277.1(14.24%),P:1e-144	Tpos:905.3,Tstd:523.3,Bpos:958.8,Bstd:887.0,StrandBias:0.1,Multiplicity:2.20
0.030	0.019	0.031	0.920
0.001	0.025	0.080	0.894
0.001	0.153	0.168	0.678
0.040	0.051	0.009	0.900
0.206	0.101	0.114	0.579
0.104	0.055	0.074	0.767
0.062	0.067	0.129	0.742
0.025	0.038	0.056	0.881
0.073	0.015	0.029	0.883
0.040	0.024	0.034	0.902
>AAAAAAAAAA	7-AAAAAAAAAA	10.296193	-323.011460	0	T:221.0(52.62%),B:49.1(2.52%),P:1e-140	Tpos:871.6,Tstd:546.8,Bpos:1040.7,Bstd:835.9,StrandBias:-0.0,Multiplicity:1.57
0.700	0.100	0.100	0.100
0.700	0.100	0.100	0.100
0.700	0.100	0.100	0.100
0.700	0.100	0.100	0.100
0.700	0.100	0.100	0.100
0.700	0.100	0.100	0.100
0.700	0.100	0.100	0.100
0.700	0.100	0.100	0.100
0.700	0.100	0.100	0.100
0.700	0.100	0.100	0.100
>TGCAGTGRGC	8-TGCAGTGRGC	12.007925	-321.457462	0	T:175.0(41.67%),B:4.9(0.25%),P:1e-139	Tpos:810.0,Tstd:482.6,Bpos:1514.6,Bstd:247.9,StrandBias:-0.2,Multiplicity:1.34
0.001	0.001	0.001	0.997
0.001	0.001	0.997	0.001
0.001	0.997	0.001	0.001
0.997	0.001	0.001	0.001
0.001	0.001	0.997	0.001
0.001	0.001	0.001	0.997
0.001	0.001	0.997	0.001
0.545	0.001	0.453	0.001
0.001	0.309	0.534	0.156
0.131	0.549	0.319	0.001
>GGGTTCAHGC	9-GGGTTCAHGC	7.327751	-321.414557	0	T:218.0(51.90%),B:46.1(2.37%),P:1e-139	Tpos:832.7,Tstd:489.3,Bpos:1051.8,Bstd:678.0,StrandBias:0.1,Multiplicity:1.51
0.005	0.001	0.873	0.121
0.001	0.001	0.997	0.001
0.001	0.001	0.997	0.001
0.001	0.266	0.001	0.732
0.001	0.001	0.001	0.997
0.001	0.997	0.001	0.001
0.997	0.001	0.001	0.001
0.405	0.329	0.001	0.265
0.001	0.001	0.997	0.001
0.001	0.997	0.001	0.001
>CCACCACGCC	10-CCACCACGCC	9.279344	-306.133358	0	T:216.0(51.43%),B:53.5(2.75%),P:1e-132	Tpos:822.0,Tstd:497.4,Bpos:1024.6,Bstd:601.2,StrandBias:0.3,Multiplicity:1.95
0.001	0.994	0.004	0.001
0.010	0.979	0.001	0.010
0.997	0.001	0.001	0.001
0.001	0.997	0.001	0.001
0.001	0.997	0.001	0.001
0.798	0.001	0.200	0.001
0.001	0.758	0.018	0.223
0.211	0.018	0.770	0.001
0.001	0.979	0.001	0.019
0.004	0.994	0.001	0.001
>TAATCCCAGC	11-TAATCCCAGC	8.621587	-303.362266	0	T:262.0(62.38%),B:136.2(7.00%),P:1e-131	Tpos:805.7,Tstd:518.8,Bpos:925.7,Bstd:748.8,StrandBias:-0.3,Multiplicity:1.39
0.083	0.119	0.125	0.673
0.685	0.102	0.189	0.024
0.597	0.085	0.198	0.120
0.056	0.076	0.122	0.746
0.001	0.895	0.020	0.084
0.053	0.821	0.020	0.106
0.022	0.920	0.008	0.050
0.917	0.026	0.046	0.011
0.030	0.032	0.901	0.037
0.061	0.851	0.073	0.015
>AGCCCAGGAG	12-AGCCCAGGAG	10.387238	-285.139253	0	T:200.0(47.62%),B:45.8(2.35%),P:1e-123	Tpos:815.3,Tstd:493.6,Bpos:998.6,Bstd:670.8,StrandBias:-0.2,Multiplicity:1.52
0.921	0.001	0.001	0.077
0.001	0.008	0.979	0.012
0.072	0.637	0.264	0.027
0.001	0.692	0.116	0.191
0.001	0.963	0.035	0.001
0.997	0.001	0.001	0.001
0.001	0.001	0.997	0.001
0.023	0.104	0.872	0.001
0.892	0.001	0.001	0.106
0.001	0.027	0.925	0.047
>AGGCTGGTCT	13-AGGCTGGTCT	10.047947	-279.205177	0	T:194.0(46.19%),B:41.3(2.12%),P:1e-121	Tpos:853.4,Tstd:497.9,Bpos:903.7,Bstd:606.6,StrandBias:0.4,Multiplicity:1.27
0.970	0.001	0.028	0.001
0.079	0.001	0.919	0.001
0.001	0.003	0.995	0.001
0.320	0.606	0.041	0.033
0.001	0.001	0.001	0.997
0.086	0.001	0.902	0.011
0.063	0.020	0.887	0.030
0.018	0.006	0.005	0.971
0.001	0.975	0.023	0.001
0.001	0.001	0.001	0.997
>CWGCCTGGGC	14-CWGCCTGGGC	7.615173	-278.891853	0	T:342.0(81.43%),B:409.6(21.05%),P:1e-121	Tpos:1028.8,Tstd:577.1,Bpos:973.2,Bstd:794.3,StrandBias:0.2,Multiplicity:1.87
0.032	0.766	0.160	0.042
0.553	0.001	0.001	0.445
0.038	0.072	0.776	0.114
0.001	0.874	0.097	0.028
0.001	0.997	0.001	0.001
0.091	0.026	0.001	0.882
0.001	0.001	0.940	0.058
0.082	0.001	0.845	0.072
0.043	0.313	0.643	0.001
0.302	0.507	0.115	0.076
>GTGCAGTGGC	15-GTGCAGTGGC	9.011467	-271.032120	0	T:216.0(51.43%),B:80.0(4.11%),P:1e-117	Tpos:831.5,Tstd:509.6,Bpos:1110.5,Bstd:672.0,StrandBias:-0.2,Multiplicity:1.65
0.001	0.015	0.976	0.008
0.015	0.068	0.018	0.899
0.013	0.001	0.985	0.001
0.002	0.973	0.001	0.024
0.994	0.001	0.004	0.001
0.062	0.001	0.936	0.001
0.001	0.007	0.015	0.977
0.001	0.001	0.997	0.001
0.013	0.001	0.985	0.001
0.008	0.789	0.010	0.193
>AAATTAGCCG	16-AAATTAGCCG	11.919114	-258.268345	0	T:165.0(39.29%),B:20.3(1.04%),P:1e-112	Tpos:823.5,Tstd:515.5,Bpos:543.8,Bstd:429.6,StrandBias:-0.7,Multiplicity:1.31
0.997	0.001	0.001	0.001
0.997	0.001	0.001	0.001
0.996	0.001	0.001	0.002
0.001	0.001	0.001	0.997
0.001	0.009	0.001	0.989
0.997	0.001	0.001	0.001
0.001	0.001	0.997	0.001
0.001	0.997	0.001	0.001
0.001	0.627	0.001	0.371
0.236	0.027	0.736	0.001
>TTTSTTTTTT	17-TTTSTTTTTT	8.295305	-251.901909	0	T:378.0(90.00%),B:636.4(32.71%),P:1e-109	Tpos:884.4,Tstd:524.1,Bpos:996.2,Bstd:758.5,StrandBias:-0.2,Multiplicity:1.92
0.062	0.005	0.001	0.932
0.027	0.030	0.020	0.923
0.141	0.043	0.001	0.815
0.196	0.393	0.256	0.156
0.068	0.034	0.001	0.897
0.136	0.039	0.066	0.759
0.001	0.041	0.020	0.938
0.062	0.088	0.001	0.849
0.001	0.102	0.023	0.874
0.048	0.055	0.023	0.874
>AACATGGTGA	18-AACATGGTGA	9.692059	-213.323438	0	T:155.0(36.90%),B:34.8(1.79%),P:1e-92	Tpos:814.6,Tstd:496.7,Bpos:1140.1,Bstd:663.7,StrandBias:-0.1,Multiplicity:1.29
0.997	0.001	0.001	0.001
0.997	0.001	0.001	0.001
0.001	0.997	0.001	0.001
0.997	0.001	0.001	0.001
0.034	0.193	0.001	0.772
0.087	0.001	0.911	0.001
0.001	0.001	0.997	0.001
0.001	0.059	0.001	0.939
0.001	0.001	0.997	0.001
0.997	0.001	0.001	0.001
>AGAGAGAGAG	19-AGAGAGAGAG	9.258216	-200.778255	0	T:211.0(50.24%),B:141.6(7.28%),P:1e-87	Tpos:919.1,Tstd:514.7,Bpos:972.4,Bstd:757.8,StrandBias:0.5,Multiplicity:1.39
0.997	0.001	0.001	0.001
0.078	0.352	0.569	0.001
0.997	0.001	0.001	0.001
0.272	0.001	0.726	0.001
0.921	0.001	0.077	0.001
0.063	0.026	0.910	0.001
0.653	0.223	0.123	0.001
0.331	0.001	0.667	0.001
0.890	0.001	0.108	0.001
0.101	0.001	0.897	0.001
>GATCCWCCYG	20-GATCCWCCYG	10.427723	-192.697891	0	T:148.0(35.24%),B:39.7(2.04%),P:1e-83	Tpos:853.8,Tstd:503.3,Bpos:1166.3,Bstd:565.1,StrandBias:0.4,Multiplicity:1.67
0.028	0.215	0.736	0.021
0.980	0.018	0.001	0.001
0.001	0.001	0.001	0.997
0.001	0.670	0.001	0.328
0.001	0.867	0.001	0.131
0.314	0.001	0.233	0.452
0.001	0.997	0.001	0.001
0.001	0.997	0.001	0.001
0.014	0.447	0.001	0.538
0.253	0.001	0.745	0.001
>CCTCCCTYCC	21-CCTCCCTYCC	6.468948	-175.021448	0	T:319.0(75.95%),B:532.8(27.39%),P:1e-76	Tpos:1097.3,Tstd:567.5,Bpos:992.6,Bstd:759.6,StrandBias:-0.0,Multiplicity:1.98
0.059	0.594	0.094	0.253
0.058	0.613	0.052	0.277
0.089	0.226	0.096	0.589
0.014	0.554	0.197	0.235
0.115	0.597	0.045	0.243
0.071	0.644	0.033	0.252
0.116	0.330	0.045	0.509
0.068	0.370	0.161	0.401
0.033	0.676	0.097	0.194
0.120	0.597	0.011	0.272
>CYCTCTCTCT	22-CYCTCTCTCT	7.349701	-171.498998	0	T:392.0(93.33%),B:944.5(48.54%),P:1e-74	Tpos:1007.7,Tstd:574.9,Bpos:987.9,Bstd:779.0,StrandBias:0.1,Multiplicity:2.13
0.001	0.740	0.001	0.258
0.001	0.442	0.001	0.556
0.001	0.587	0.121	0.291
0.112	0.308	0.001	0.579
0.001	0.570	0.031	0.398
0.001	0.203	0.001	0.795
0.001	0.997	0.001	0.001
0.001	0.001	0.001	0.997
0.001	0.588	0.410	0.001
0.090	0.297	0.087	0.526
>GTGTGTGTGT	23-GTGTGTGTGT	6.366769	-146.219881	0	T:158.0(37.62%),B:99.8(5.13%),P:1e-63	Tpos:1053.4,Tstd:543.8,Bpos:1008.2,Bstd:702.8,StrandBias:-0.4,Multiplicity:1.45
0.001	0.001	0.751	0.247
0.001	0.001	0.001	0.997
0.001	0.001	0.997	0.001
0.001	0.001	0.001	0.997
0.001	0.001	0.813	0.185
0.001	0.001	0.001	0.997
0.001	0.001	0.997	0.001
0.001	0.001	0.001	0.997
0.001	0.001	0.755	0.243
0.001	0.001	0.001	0.997
>GGGGGGGGGG	24-GGGGGGGGGG	7.958229	-131.750821	0	T:211.0(50.24%),B:251.3(12.92%),P:1e-57	Tpos:1393.4,Tstd:589.4,Bpos:984.3,Bstd:729.1,StrandBias:-0.3,Multiplicity:2.30
0.082	0.045	0.777	0.096
0.031	0.019	0.916	0.034
0.087	0.009	0.869	0.035
0.075	0.089	0.800	0.036
0.210	0.183	0.481	0.126
0.169	0.171	0.523	0.137
0.079	0.040	0.768	0.113
0.001	0.019	0.946	0.034
0.023	0.028	0.883	0.066
0.117	0.151	0.703	0.029
>TTTTAAAAWW	25-TTTTAAAAWW	9.458232	-128.661176	0	T:179.0(42.62%),B:171.2(8.80%),P:1e-55	Tpos:928.1,Tstd:535.5,Bpos:980.2,Bstd:717.4,StrandBias:-0.1,Multiplicity:1.44
0.101	0.001	0.001	0.897
0.001	0.001	0.001	0.997
0.001	0.001	0.001	0.997
0.254	0.001	0.001	0.744
0.794	0.001	0.001	0.204
0.967	0.031	0.001	0.001
0.997	0.001	0.001	0.001
0.997	0.001	0.001	0.001
0.441	0.056	0.144	0.359
0.431	0.035	0.049	0.485
>CCTGTAATCCCA	1-CCTGTAATCCCA	9.901114	-478.224679	0	T:243.0(57.86%),B:4.3(0.22%),P:1e-207	Tpos:786.7,Tstd:496.8,Bpos:854.1,Bstd:255.9,StrandBias:-0.2,Multiplicity:2.66
0.010	0.949	0.002	0.039
0.004	0.965	0.004	0.027
0.008	0.002	0.002	0.988
0.044	0.009	0.946	0.001
0.002	0.009	0.001	0.988
0.984	0.002	0.012	0.002
0.823	0.001	0.171	0.005
0.001	0.013	0.002	0.984
0.001	0.965	0.007	0.027
0.002	0.939	0.001	0.058
0.007	0.964	0.001	0.028
0.994	0.002	0.002	0.002
>GGGAGGCKGAGG	2-GGGAGGCKGAGG	10.690501	-442.415951	0	T:254.0(60.48%),B:26.1(1.34%),P:1e-192	Tpos:830.2,Tstd:502.2,Bpos:1066.4,Bstd:829.5,StrandBias:-0.2,Multiplicity:2.93
0.245	0.056	0.600	0.099
0.089	0.001	0.887	0.023
0.132	0.019	0.840	0.009
0.882	0.019	0.052	0.047
0.161	0.024	0.796	0.019
0.160	0.028	0.774	0.038
0.061	0.670	0.099	0.170
0.165	0.212	0.259	0.363
0.151	0.033	0.807	0.009
0.910	0.005	0.071	0.014
0.094	0.005	0.892	0.009
0.174	0.071	0.736	0.019
>TTGCCCAGGCTG	3-TTGCCCAGGCTG	10.814327	-438.254499	0	T:231.0(55.00%),B:7.8(0.40%),P:1e-190	Tpos:822.7,Tstd:498.0,Bpos:1286.1,Bstd:480.5,StrandBias:0.3,Multiplicity:2.21
0.029	0.033	0.046	0.892
0.033	0.322	0.054	0.591
0.222	0.042	0.669	0.067
0.017	0.614	0.323	0.046
0.025	0.794	0.021	0.160
0.021	0.941	0.017	0.021
0.942	0.012	0.021	0.025
0.054	0.008	0.917	0.021
0.029	0.037	0.917	0.017
0.058	0.879	0.021	0.042
0.017	0.017	0.017	0.949
0.067	0.021	0.895	0.017
>GCACTTTGGGAG	4-GCACTTTGGGAG	9.943763	-388.228987	0	T:211.0(50.24%),B:8.9(0.46%),P:1e-168	Tpos:846.1,Tstd:506.9,Bpos:1169.4,Bstd:805.2,StrandBias:-0.0,Multiplicity:1.08
0.028	0.001	0.970	0.001
0.014	0.971	0.014	0.001
0.985	0.001	0.013	0.001
0.014	0.957	0.001	0.028
0.001	0.001	0.013	0.985
0.001	0.014	0.028	0.957
0.014	0.001	0.014	0.971
0.014	0.014	0.971	0.001
0.043	0.014	0.929	0.014
0.072	0.028	0.899	0.001
0.985	0.001	0.001	0.013
0.130	0.014	0.827	0.029
>AAAAAAAARAAA	5-AAAAAAAARAAA	7.796443	-375.330158	0	T:298.0(70.95%),B:144.8(7.44%),P:1e-163	Tpos:891.2,Tstd:535.2,Bpos:952.6,Bstd:848.2,StrandBias:0.1,Multiplicity:2.14
0.997	0.001	0.001	0.001
0.997	0.001	0.001	0.001
0.997	0.001	0.001	0.001
0.790	0.208	0.001	0.001
0.716	0.282	0.001	0.001
0.997	0.001	0.001	0.001
0.997	0.001	0.001	0.001
0.997	0.001	0.001	0.001
0.490	0.001	0.508	0.001
0.997	0.001	0.001	0.001
0.997	0.001	0.001	0.001
0.997	0.001	0.001	0.001
>GGGYGCRGTGGC	6-GGGYGCRGTGGC	10.603775	-372.014263	0	T:224.0(53.33%),B:26.8(1.38%),P:1e-161	Tpos:816.2,Tstd:491.4,Bpos:1111.3,Bstd:532.5,StrandBias:-0.3,Multiplicity:2.72
0.221	0.055	0.703	0.021
0.381	0.014	0.578	0.027
0.137	0.007	0.855	0.001
0.034	0.433	0.055	0.477
0.241	0.048	0.656	0.055
0.007	0.614	0.014	0.365
0.443	0.007	0.496	0.055
0.276	0.013	0.710	0.001
0.041	0.013	0.001	0.945
0.001	0.001	0.997	0.001
0.020	0.001	0.966	0.013
0.034	0.703	0.055	0.208
>CTCGAACTCCTG	7-CTCGAACTCCTG	10.927299	-357.929946	0	T:204.0(48.57%),B:13.9(0.72%),P:1e-155	Tpos:789.6,Tstd:490.2,Bpos:742.0,Bstd:911.6,StrandBias:0.3,Multiplicity:1.65
0.001	0.888	0.031	0.080
0.031	0.063	0.001	0.905
0.016	0.585	0.111	0.288
0.191	0.202	0.575	0.032
0.967	0.001	0.031	0.001
0.727	0.081	0.032	0.160
0.016	0.809	0.032	0.143
0.042	0.031	0.001	0.926
0.032	0.870	0.032	0.066
0.001	0.967	0.001	0.031
0.047	0.111	0.016	0.826
0.111	0.016	0.857	0.016
>TTGCAGTGAGCC	8-TTGCAGTGAGCC	9.980657	-357.466717	0	T:193.0(45.95%),B:5.2(0.27%),P:1e-155	Tpos:824.0,Tstd:481.5,Bpos:1506.2,Bstd:285.6,StrandBias:-0.1,Multiplicity:1.42
0.004	0.105	0.001	0.890
0.001	0.004	0.001	0.994
0.018	0.001	0.977	0.004
0.004	0.991	0.001	0.004
0.968	0.001	0.027	0.004
0.018	0.001	0.972	0.009
0.004	0.004	0.001	0.991
0.004	0.001	0.991	0.004
0.991	0.004	0.001	0.004
0.001	0.001	0.997	0.001
0.001	0.997	0.001	0.001
0.014	0.820	0.009	0.157
>TTTTTAGTAGAG	9-TTTTTAGTAGAG	10.355723	-354.485473	0	T:200.0(47.62%),B:11.3(0.58%),P:1e-153	Tpos:798.4,Tstd:493.4,Bpos:780.9,Bstd:427.2,StrandBias:0.2,Multiplicity:1.53
0.038	0.030	0.004	0.928
0.001	0.001	0.003	0.995
0.001	0.003	0.001	0.995
0.004	0.004	0.001	0.991
0.001	0.021	0.004	0.974
0.854	0.004	0.021	0.121
0.017	0.004	0.978	0.001
0.001	0.017	0.012	0.970
0.961	0.001	0.034	0.004
0.030	0.013	0.944	0.013
0.983	0.004	0.012	0.001
0.017	0.012	0.970	0.001
>YRGGCRTGGTGG	10-YRGGCRTGGTGG	8.864240	-354.083061	0	T:279.0(66.43%),B:123.2(6.33%),P:1e-153	Tpos:823.2,Tstd:516.0,Bpos:950.1,Bstd:720.6,StrandBias:-0.3,Multiplicity:1.41
0.008	0.514	0.001	0.477
0.462	0.042	0.462	0.034
0.050	0.001	0.948	0.001
0.119	0.067	0.806	0.008
0.042	0.599	0.042	0.317
0.445	0.110	0.411	0.034
0.051	0.270	0.126	0.553
0.085	0.001	0.830	0.084
0.058	0.001	0.940	0.001
0.126	0.001	0.025	0.848
0.072	0.001	0.926	0.001
0.008	0.059	0.877	0.056
>GRGTYTCACYMT	11-GRGTYTCACYMT	9.546153	-333.710680	0	T:231.0(55.00%),B:56.5(2.90%),P:1e-144	Tpos:816.7,Tstd:501.4,Bpos:994.6,Bstd:687.9,StrandBias:0.1,Multiplicity:2.05
0.111	0.022	0.832	0.035
0.401	0.013	0.538	0.048
0.136	0.001	0.775	0.088
0.016	0.079	0.041	0.864
0.001	0.432	0.035	0.532
0.038	0.057	0.016	0.889
0.006	0.766	0.022	0.206
0.490	0.086	0.329	0.095
0.067	0.800	0.047	0.086
0.057	0.434	0.003	0.506
0.419	0.410	0.082	0.089
0.001	0.066	0.044	0.889
>TCAAGTGATCCT	12-TCAAGTGATCCT	9.161501	-331.839801	0	T:201.0(47.86%),B:21.6(1.11%),P:1e-144	Tpos:821.8,Tstd:478.5,Bpos:1076.2,Bstd:768.7,StrandBias:0.4,Multiplicity:2.05
0.001	0.001	0.001	0.997
0.001	0.997	0.001	0.001
0.997	0.001	0.001	0.001
0.691	0.001	0.307	0.001
0.001	0.001	0.997	0.001
0.007	0.352	0.010	0.631
0.013	0.003	0.983	0.001
0.997	0.001	0.001	0.001
0.001	0.001	0.001	0.997
0.001	0.630	0.001	0.368
0.001	0.876	0.001	0.122
0.231	0.001	0.201	0.567
>TGGCCAGGCTGG	13-TGGCCAGGCTGG	8.010818	-311.332047	0	T:318.0(75.71%),B:272.2(13.99%),P:1e-135	Tpos:937.8,Tstd:569.5,Bpos:1012.3,Bstd:758.8,StrandBias:-0.2,Multiplicity:1.66
0.292	0.018	0.166	0.524
0.164	0.001	0.834	0.001
0.113	0.270	0.577	0.040
0.148	0.732	0.031	0.089
0.132	0.814	0.001	0.053
0.865	0.001	0.017	0.117
0.095	0.001	0.895	0.009
0.080	0.135	0.767	0.018
0.269	0.547	0.148	0.036
0.274	0.001	0.001	0.724
0.035	0.001	0.920	0.044
0.115	0.013	0.837	0.035
>ACCCRGGAGGCD	14-ACCCRGGAGGCD	8.364058	-309.026170	0	T:291.0(69.29%),B:198.2(10.19%),P:1e-134	Tpos:1029.7,Tstd:590.3,Bpos:1035.1,Bstd:687.2,StrandBias:0.0,Multiplicity:1.40
0.517	0.063	0.287	0.133
0.021	0.853	0.125	0.001
0.007	0.800	0.001	0.192
0.070	0.621	0.001	0.308
0.470	0.001	0.394	0.136
0.001	0.001	0.997	0.001
0.035	0.063	0.901	0.001
0.964	0.001	0.001	0.034
0.027	0.001	0.971	0.001
0.063	0.084	0.852	0.001
0.238	0.601	0.070	0.091
0.231	0.175	0.268	0.325
>TTTTTYTTTBTK	15-TTTTTYTTTBTK	7.491192	-307.627162	0	T:366.0(87.14%),B:460.6(23.67%),P:1e-133	Tpos:897.4,Tstd:533.8,Bpos:996.7,Bstd:829.1,StrandBias:-0.1,Multiplicity:1.67
0.085	0.048	0.063	0.804
0.062	0.199	0.259	0.480
0.081	0.061	0.045	0.813
0.254	0.062	0.264	0.420
0.065	0.060	0.057	0.818
0.168	0.234	0.218	0.380
0.211	0.042	0.112	0.635
0.196	0.221	0.198	0.384
0.074	0.056	0.047	0.823
0.159	0.240	0.230	0.372
0.254	0.049	0.039	0.658
0.183	0.193	0.256	0.368
>CAAGCGATTCTC	16-CAAGCGATTCTC	9.661490	-304.331451	0	T:226.0(53.81%),B:70.0(3.60%),P:1e-132	Tpos:904.5,Tstd:538.8,Bpos:904.6,Bstd:745.8,StrandBias:-0.1,Multiplicity:1.20
0.001	0.997	0.001	0.001
0.768	0.193	0.038	0.001
0.703	0.129	0.109	0.059
0.187	0.096	0.716	0.001
0.121	0.556	0.038	0.285
0.205	0.234	0.406	0.154
0.853	0.057	0.089	0.001
0.019	0.051	0.155	0.775
0.001	0.213	0.019	0.767
0.001	0.903	0.001	0.095
0.001	0.096	0.001	0.902
0.001	0.980	0.001	0.018
>GCTAATTTTTWW	17-GCTAATTTTTWW	11.210277	-296.632589	0	T:168.0(40.00%),B:7.6(0.39%),P:1e-128	Tpos:811.6,Tstd:489.8,Bpos:793.3,Bstd:371.5,StrandBias:0.5,Multiplicity:1.25
0.018	0.001	0.980	0.001
0.175	0.601	0.088	0.136
0.135	0.009	0.001	0.855
0.786	0.029	0.117	0.068
0.884	0.001	0.096	0.019
0.116	0.001	0.106	0.777
0.039	0.019	0.136	0.806
0.126	0.087	0.068	0.719
0.106	0.001	0.048	0.845
0.039	0.174	0.300	0.487
0.360	0.001	0.223	0.416
0.457	0.068	0.165	0.311
>CCTYTYTCCCTC	18-CCTYTYTCCCTC	7.202582	-222.329477	0	T:374.0(89.05%),B:684.2(35.17%),P:1e-96	Tpos:1015.8,Tstd:543.6,Bpos:958.8,Bstd:772.5,StrandBias:-0.2,Multiplicity:2.40
0.042	0.561	0.042	0.355
0.032	0.599	0.018	0.351
0.033	0.299	0.031	0.637
0.036	0.508	0.046	0.410
0.032	0.380	0.024	0.564
0.025	0.520	0.041	0.414
0.036	0.288	0.031	0.645
0.032	0.527	0.083	0.358
0.146	0.584	0.026	0.244
0.064	0.533	0.022	0.381
0.036	0.334	0.038	0.592
0.046	0.603	0.043	0.308
>GGGGGGGGGGGG	19-GGGGGGGGGGGG	7.196836	-152.743678	0	T:263.0(62.62%),B:370.1(19.02%),P:1e-66	Tpos:1484.2,Tstd:566.9,Bpos:1019.7,Bstd:741.3,StrandBias:-0.3,Multiplicity:2.40
0.039	0.027	0.806	0.128
0.054	0.173	0.694	0.079
0.128	0.249	0.572	0.051
0.145	0.238	0.504	0.113
0.189	0.136	0.538	0.137
0.038	0.105	0.750	0.107
0.006	0.142	0.805	0.047
0.174	0.237	0.545	0.044
0.198	0.197	0.522	0.083
0.184	0.160	0.550	0.106
0.140	0.117	0.669	0.074
0.178	0.034	0.775	0.013
>WWWWTTTTAAAA	20-WWWWTTTTAAAA	7.766855	-145.954451	0	T:210.0(50.00%),B:221.4(11.38%),P:1e-63	Tpos:927.9,Tstd:534.0,Bpos:1023.9,Bstd:731.3,StrandBias:0.2,Multiplicity:1.46
0.397	0.133	0.156	0.314
0.439	0.108	0.106	0.346
0.394	0.156	0.123	0.328
0.360	0.172	0.091	0.377
0.212	0.171	0.149	0.468
0.090	0.064	0.105	0.741
0.153	0.013	0.017	0.817
0.298	0.068	0.141	0.493
0.489	0.086	0.089	0.336
0.815	0.019	0.141	0.025
0.787	0.019	0.049	0.145
0.594	0.051	0.060	0.295
>GTGTGTGTGTGT	21-GTGTGTGTGTGT	9.273327	-121.994016	0	T:104.0(24.76%),B:34.7(1.78%),P:1e-52	Tpos:1093.6,Tstd:525.3,Bpos:804.7,Bstd:614.8,StrandBias:-0.3,Multiplicity:1.42
0.111	0.104	0.651	0.134
0.099	0.073	0.102	0.726
0.080	0.088	0.728	0.104
0.097	0.050	0.063	0.790
0.086	0.054	0.767	0.093
0.078	0.045	0.075	0.802
0.101	0.086	0.745	0.068
0.048	0.045	0.074	0.833
0.104	0.037	0.745	0.114
0.067	0.019	0.073	0.841
0.095	0.102	0.644	0.159
0.108	0.071	0.119	0.702
>ACCTCGTGATCC	22-ACCTCGTGATCC	11.284458	-119.174486	0	T:72.0(17.14%),B:3.3(0.17%),P:1e-51	Tpos:875.0,Tstd:523.6,Bpos:1179.1,Bstd:490.8,StrandBias:0.3,Multiplicity:1.13
0.969	0.015	0.015	0.001
0.001	0.997	0.001	0.001
0.001	0.969	0.015	0.015
0.001	0.001	0.001	0.997
0.015	0.908	0.015	0.062
0.137	0.001	0.847	0.015
0.015	0.001	0.015	0.969
0.001	0.015	0.969	0.015
0.997	0.001	0.001	0.001
0.001	0.001	0.001	0.997
0.015	0.969	0.001	0.015
0.001	0.877	0.015	0.107
>TTCATTCATTCA	23-TTCATTCATTCA	9.597926	-73.025376	0	T:91.0(21.67%),B:65.6(3.37%),P:1e-31	Tpos:1069.4,Tstd:484.9,Bpos:978.1,Bstd:601.8,StrandBias:0.1,Multiplicity:1.13
0.065	0.058	0.051	0.826
0.061	0.072	0.065	0.802
0.077	0.812	0.026	0.085
0.848	0.080	0.043	0.029
0.007	0.073	0.029	0.891
0.043	0.084	0.036	0.837
0.074	0.757	0.058	0.111
0.853	0.065	0.029	0.053
0.029	0.058	0.051	0.862
0.022	0.072	0.043	0.863
0.092	0.743	0.058	0.107
0.913	0.043	0.029	0.015
>ATAATAATAATA	24-ATAATAATAATA	10.383558	-53.248267	0	T:57.0(13.57%),B:30.1(1.55%),P:1e-23	Tpos:915.8,Tstd:499.5,Bpos:926.8,Bstd:935.7,StrandBias:0.1,Multiplicity:1.12
0.997	0.001	0.001	0.001
0.168	0.032	0.023	0.777
0.967	0.001	0.031	0.001
0.997	0.001	0.001	0.001
0.001	0.001	0.001	0.997
0.967	0.001	0.031	0.001
0.983	0.001	0.015	0.001
0.001	0.001	0.001	0.997
0.983	0.015	0.001	0.001
0.976	0.001	0.022	0.001
0.031	0.016	0.001	0.952
0.906	0.001	0.030	0.063
>TATATATATATA	25-TATATATATATA	10.216010	-35.578520	0	T:44.0(10.48%),B:30.6(1.57%),P:1e-15	Tpos:954.1,Tstd:364.1,Bpos:1206.0,Bstd:651.6,StrandBias:0.0,Multiplicity:1.17
0.110	0.066	0.035	0.789
0.844	0.046	0.083	0.027
0.052	0.048	0.031	0.869
0.784	0.026	0.105	0.085
0.053	0.038	0.023	0.886
0.814	0.006	0.064	0.116
0.051	0.059	0.011	0.879
0.838	0.032	0.057	0.073
0.047	0.051	0.026	0.876
0.818	0.026	0.046	0.110
0.102	0.085	0.018	0.795
0.814	0.026	0.094	0.066
>CCAGSCTG	1-CCAGSCTG	10.407674	-347.420105	0	T:254.0(60.48%),B:82.6(4.25%),P:1e-150	Tpos:853.3,Tstd:519.6,Bpos:941.1,Bstd:765.3,StrandBias:-0.2,Multiplicity:2.15
0.001	0.997	0.001	0.001
0.001	0.997	0.001	0.001
0.997	0.001	0.001	0.001
0.001	0.001	0.997	0.001
0.001	0.516	0.482	0.001
0.001	0.997	0.001	0.001
0.001	0.001	0.001	0.997
0.001	0.001	0.997	0.001
>TGGGAGGC	2-TGGGAGGC	10.716924	-298.974013	0	T:246.0(58.57%),B:108.7(5.59%),P:1e-129	Tpos:846.1,Tstd:518.8,Bpos:979.6,Bstd:767.1,StrandBias:-0.2,Multiplicity:1.81
0.001	0.295	0.001	0.703
0.001	0.001	0.997	0.001
0.001	0.001	0.997	0.001
0.001	0.001	0.997	0.001
0.997	0.001	0.001	0.001
0.001	0.001	0.997	0.001
0.001	0.001	0.997	0.001
0.001	0.997	0.001	0.001
>YCACTGCA	3-YCACTGCA	10.347776	-259.193980	0	T:264.0(62.86%),B:191.0(9.82%),P:1e-112	Tpos:859.8,Tstd:500.1,Bpos:1076.2,Bstd:633.9,StrandBias:0.1,Multiplicity:2.07
0.001	0.512	0.001	0.486
0.001	0.997	0.001	0.001
0.997	0.001	0.001	0.001
0.001	0.997	0.001	0.001
0.001	0.001	0.001	0.997
0.001	0.001	0.997	0.001
0.001	0.997	0.001	0.001
0.997	0.001	0.001	0.001
>GAGGCWGR	4-GAGGCWGR	9.562282	-249.753448	0	T:331.0(78.81%),B:419.7(21.57%),P:1e-108	Tpos:900.9,Tstd:537.0,Bpos:1039.1,Bstd:763.4,StrandBias:-0.1,Multiplicity:2.59
0.001	0.001	0.997	0.001
0.997	0.001	0.001	0.001
0.001	0.001	0.997	0.001
0.001	0.001	0.997	0.001
0.001	0.997	0.001	0.001
0.528	0.001	0.001	0.470
0.001	0.001	0.997	0.001
0.470	0.001	0.528	0.001
>TAATCCCA	5-TAATCCCA	8.236954	-233.761970	0	T:212.0(50.48%),B:106.8(5.49%),P:1e-101	Tpos:805.9,Tstd:506.5,Bpos:1052.5,Bstd:595.2,StrandBias:-0.4,Multiplicity:2.04
0.100	0.100	0.100	0.700
0.700	0.100	0.100	0.100
0.700	0.100	0.100	0.100
0.100	0.100	0.100	0.700
0.100	0.700	0.100	0.100
0.100	0.700	0.100	0.100
0.100	0.700	0.100	0.100
0.700	0.100	0.100	0.100
>CCCAGCTC	6-CCCAGCTC	7.573170	-232.067661	0	T:332.0(79.05%),B:458.2(23.55%),P:1e-100	Tpos:967.4,Tstd:569.6,Bpos:1014.0,Bstd:729.1,StrandBias:0.2,Multiplicity:2.36
0.001	0.997	0.001	0.001
0.001	0.997	0.001	0.001
0.001	0.810	0.001	0.188
0.809	0.001	0.189	0.001
0.001	0.165	0.660	0.174
0.080	0.846	0.073	0.001
0.237	0.152	0.080	0.531
0.344	0.583	0.072	0.001
>TGGCTCAC	7-TGGCTCAC	9.536845	-229.834098	0	T:233.0(55.48%),B:154.7(7.95%),P:1e-99	Tpos:810.4,Tstd:503.3,Bpos:1047.4,Bstd:632.9,StrandBias:-0.1,Multiplicity:1.89
0.001	0.001	0.001	0.997
0.001	0.001	0.997	0.001
0.001	0.001	0.997	0.001
0.001	0.997	0.001	0.001
0.001	0.001	0.001	0.997
0.001	0.997	0.001	0.001
0.997	0.001	0.001	0.001
0.001	0.782	0.001	0.216
>AAAAAAAA	8-AAAAAAAA	8.236954	-229.040918	0	T:279.0(66.43%),B:276.5(14.21%),P:1e-99	Tpos:876.6,Tstd:541.3,Bpos:999.4,Bstd:820.5,StrandBias:0.1,Multiplicity:1.96
0.700	0.100	0.100	0.100
0.700	0.100	0.100	0.100
0.700	0.100	0.100	0.100
0.700	0.100	0.100	0.100
0.700	0.100	0.100	0.100
0.700	0.100	0.100	0.100
0.700	0.100	0.100	0.100
0.700	0.100	0.100	0.100
>AACTCCTG	9-AACTCCTG	8.236954	-213.519934	0	T:200.0(47.62%),B:104.5(5.37%),P:1e-92	Tpos:844.6,Tstd:500.5,Bpos:978.5,Bstd:736.5,StrandBias:0.2,Multiplicity:1.47
0.700	0.100	0.100	0.100
0.700	0.100	0.100	0.100
0.100	0.700	0.100	0.100
0.100	0.100	0.100	0.700
0.100	0.700	0.100	0.100
0.100	0.700	0.100	0.100
0.100	0.100	0.100	0.700
0.100	0.100	0.700	0.100
>CCTGTAGT	10-CCTGTAGT	10.122572	-210.484502	0	T:243.0(57.86%),B:204.9(10.53%),P:1e-91	Tpos:789.2,Tstd:497.0,Bpos:1009.2,Bstd:659.1,StrandBias:-0.0,Multiplicity:1.48
0.001	0.997	0.001	0.001
0.001	0.997	0.001	0.001
0.001	0.001	0.001	0.997
0.001	0.001	0.997	0.001
0.001	0.001	0.001	0.997
0.997	0.001	0.001	0.001
0.388	0.001	0.610	0.001
0.001	0.001	0.001	0.997
>CCGCCTCC	11-CCGCCTCC	7.842903	-208.879165	0	T:308.0(73.33%),B:411.8(21.16%),P:1e-90	Tpos:1132.6,Tstd:585.4,Bpos:1019.3,Bstd:749.9,StrandBias:0.2,Multiplicity:1.68
0.001	0.997	0.001	0.001
0.001	0.912	0.001	0.086
0.221	0.001	0.584	0.194
0.001	0.997	0.001	0.001
0.001	0.997	0.001	0.001
0.071	0.001	0.070	0.858
0.001	0.997	0.001	0.001
0.001	0.913	0.085	0.001
>CCTGGCTA	12-CCTGGCTA	8.108095	-187.626630	0	T:299.0(71.19%),B:422.7(21.73%),P:1e-81	Tpos:914.2,Tstd:571.7,Bpos:1042.3,Bstd:786.9,StrandBias:0.1,Multiplicity:1.86
0.001	0.997	0.001	0.001
0.001	0.997	0.001	0.001
0.061	0.163	0.001	0.775
0.001	0.001	0.997	0.001
0.001	0.001	0.997	0.001
0.001	0.997	0.001	0.001
0.001	0.235	0.001	0.763
0.801	0.087	0.111	0.001
>GGTTCAAG	13-GGTTCAAG	9.969710	-175.536745	0	T:202.0(48.10%),B:154.6(7.95%),P:1e-76	Tpos:825.6,Tstd:479.0,Bpos:954.3,Bstd:677.4,StrandBias:0.4,Multiplicity:1.49
0.001	0.001	0.997	0.001
0.001	0.001	0.997	0.001
0.001	0.333	0.001	0.665
0.001	0.001	0.001	0.997
0.001	0.997	0.001	0.001
0.997	0.001	0.001	0.001
0.997	0.001	0.001	0.001
0.001	0.001	0.997	0.001
>GCTCTGTC	14-GCTCTGTC	8.177841	-168.530052	0	T:290.0(69.05%),B:431.3(22.17%),P:1e-73	Tpos:962.0,Tstd:563.3,Bpos:1002.1,Bstd:720.4,StrandBias:0.1,Multiplicity:1.53
0.418	0.001	0.580	0.001
0.001	0.997	0.001	0.001
0.001	0.272	0.001	0.726
0.001	0.997	0.001	0.001
0.001	0.001	0.001	0.997
0.001	0.001	0.997	0.001
0.001	0.131	0.001	0.867
0.001	0.997	0.001	0.001
>CTCTCTCT	15-CTCTCTCT	7.916452	-168.272218	0	T:335.0(79.76%),B:622.9(32.01%),P:1e-73	Tpos:958.2,Tstd:563.3,Bpos:972.3,Bstd:759.3,StrandBias:-0.1,Multiplicity:2.08
0.001	0.679	0.001	0.319
0.001	0.312	0.001	0.686
0.001	0.686	0.312	0.001
0.001	0.366	0.001	0.632
0.001	0.637	0.361	0.001
0.001	0.001	0.001	0.997
0.001	0.997	0.001	0.001
0.001	0.001	0.001	0.997
>CYCAGGTG	16-CYCAGGTG	7.506018	-146.403247	0	T:330.0(78.57%),B:660.3(33.94%),P:1e-63	Tpos:1040.8,Tstd:597.9,Bpos:1048.9,Bstd:782.0,StrandBias:0.2,Multiplicity:2.02
0.001	0.997	0.001	0.001
0.001	0.489	0.001	0.509
0.001	0.997	0.001	0.001
0.997	0.001	0.001	0.001
0.001	0.001	0.997	0.001
0.001	0.194	0.804	0.001
0.297	0.001	0.001	0.701
0.001	0.001	0.997	0.001
>AAACAAAA	17-AAACAAAA	9.562951	-144.417208	0	T:284.0(67.62%),B:467.6(24.03%),P:1e-62	Tpos:923.4,Tstd:536.9,Bpos:1006.4,Bstd:812.4,StrandBias:0.1,Multiplicity:2.02
0.997	0.001	0.001	0.001
0.997	0.001	0.001	0.001
0.997	0.001	0.001	0.001
0.001	0.694	0.304	0.001
0.997	0.001	0.001	0.001
0.895	0.001	0.103	0.001
0.997	0.001	0.001	0.001
0.810	0.188	0.001	0.001
>CCCCGCCC	18-CCCCGCCC	8.304052	-134.053035	0	T:260.0(61.90%),B:404.9(20.81%),P:1e-58	Tpos:1399.3,Tstd:578.0,Bpos:1012.7,Bstd:708.7,StrandBias:0.2,Multiplicity:2.51
0.001	0.997	0.001	0.001
0.001	0.997	0.001	0.001
0.057	0.819	0.123	0.001
0.001	0.818	0.063	0.118
0.197	0.001	0.622	0.180
0.001	0.997	0.001	0.001
0.001	0.997	0.001	0.001
0.001	0.997	0.001	0.001
>GCCACCAC	19-GCCACCAC	8.595960	-126.632434	0	T:255.0(60.71%),B:405.9(20.86%),P:1e-54	Tpos:880.0,Tstd:531.9,Bpos:987.8,Bstd:755.9,StrandBias:0.3,Multiplicity:1.53
0.225	0.156	0.618	0.001
0.001	0.997	0.001	0.001
0.001	0.997	0.001	0.001
0.997	0.001	0.001	0.001
0.001	0.997	0.001	0.001
0.001	0.997	0.001	0.001
0.997	0.001	0.001	0.001
0.001	0.862	0.001	0.136
>TAAAAAAA	20-TAAAAAAA	7.936879	-126.604909	0	T:364.0(86.67%),B:907.8(46.66%),P:1e-54	Tpos:849.9,Tstd:519.8,Bpos:959.7,Bstd:703.4,StrandBias:-0.3,Multiplicity:3.15
0.365	0.001	0.090	0.544
0.997	0.001	0.001	0.001
0.553	0.283	0.001	0.163
0.997	0.001	0.001	0.001
0.854	0.001	0.001	0.144
0.683	0.001	0.001	0.315
0.632	0.001	0.001	0.366
0.997	0.001	0.001	0.001
>RGGRAGGG	21-RGGRAGGG	8.026244	-114.404460	0	T:310.0(73.81%),B:666.2(34.24%),P:1e-49	Tpos:1154.5,Tstd:579.4,Bpos:1028.2,Bstd:779.1,StrandBias:0.0,Multiplicity:2.26
0.412	0.001	0.507	0.080
0.001	0.001	0.997	0.001
0.001	0.001	0.997	0.001
0.503	0.133	0.363	0.001
0.932	0.001	0.001	0.066
0.001	0.001	0.997	0.001
0.001	0.001	0.997	0.001
0.246	0.001	0.752	0.001
>GTTTCACC	22-GTTTCACC	8.236954	-113.496339	0	T:142.0(33.81%),B:110.6(5.68%),P:1e-49	Tpos:862.4,Tstd:488.5,Bpos:1050.6,Bstd:760.0,StrandBias:0.3,Multiplicity:1.27
0.100	0.100	0.700	0.100
0.100	0.100	0.100	0.700
0.100	0.100	0.100	0.700
0.100	0.100	0.100	0.700
0.100	0.700	0.100	0.100
0.700	0.100	0.100	0.100
0.100	0.700	0.100	0.100
0.100	0.700	0.100	0.100
>TTTTTAAA	23-TTTTTAAA	8.145561	-105.694669	0	T:272.0(64.76%),B:530.1(27.25%),P:1e-45	Tpos:917.4,Tstd:526.1,Bpos:1010.8,Bstd:743.7,StrandBias:0.0,Multiplicity:1.62
0.102	0.086	0.001	0.811
0.001	0.001	0.001	0.997
0.001	0.001	0.001	0.997
0.001	0.062	0.001	0.936
0.246	0.076	0.073	0.605
0.923	0.001	0.001	0.075
0.997	0.001	0.001	0.001
0.997	0.001	0.001	0.001
>TTCCTYCT	24-TTCCTYCT	5.948635	-91.930253	0	T:265.0(63.10%),B:547.1(28.12%),P:1e-39	Tpos:961.5,Tstd:530.6,Bpos:990.8,Bstd:743.7,StrandBias:-0.4,Multiplicity:1.94
0.001	0.001	0.001	0.997
0.001	0.001	0.001	0.997
0.001	0.997	0.001	0.001
0.001	0.985	0.001	0.013
0.001	0.001	0.001	0.997
0.001	0.458	0.001	0.540
0.001	0.997	0.001	0.001
0.001	0.001	0.001	0.997
>TGTGTGTG	25-TGTGTGTG	8.236954	-83.924525	0	T:118.0(28.10%),B:105.0(5.40%),P:1e-36	Tpos:1060.1,Tstd:535.8,Bpos:991.5,Bstd:620.1,StrandBias:-0.3,Multiplicity:1.44
0.100	0.100	0.100	0.700
0.100	0.100	0.700	0.100
0.100	0.100	0.100	0.700
0.100	0.100	0.700	0.100
0.100	0.100	0.100	0.700
0.100	0.100	0.700	0.100
0.100	0.100	0.100	0.700
0.100	0.100	0.700	0.100
