>TGTAATCCCA	1-TGTAATCCCA	12.280596	-417.437276	0	T:216.0(51.43%),B:3.1(0.16%),P:1e-181	Tpos:805.9,Tstd:506.3,Bpos:1113.9,Bstd:282.6,StrandBias:-0.2,Multiplicity:2.23
0.001	0.001	0.001	0.997
0.051	0.001	0.947	0.001
0.001	0.001	0.001	0.997
0.997	0.001	0.001	0.001
0.763	0.001	0.235	0.001
0.001	0.001	0.001	0.997
0.001	0.997	0.001	0.001
0.001	0.943	0.001	0.055
0.001	0.997	0.001	0.001
0.997	0.001	0.001	0.001
>GAGGCNGAGG	2-GAGGCNGAGG	11.113153	-413.272506	0	T:249.0(59.29%),B:34.0(1.75%),P:1e-179	Tpos:836.9,Tstd:502.9,Bpos:1068.3,Bstd:629.8,StrandBias:-0.2,Multiplicity:2.63
0.001	0.001	0.997	0.001
0.972	0.001	0.026	0.001
0.064	0.001	0.934	0.001
0.001	0.001	0.997	0.001
0.001	0.817	0.001	0.181
0.226	0.324	0.182	0.268
0.323	0.001	0.675	0.001
0.997	0.001	0.001	0.001
0.063	0.001	0.935	0.001
0.109	0.001	0.889	0.001
>YCCAGSCTGG	3-YCCAGSCTGG	11.158627	-380.929630	0	T:223.0(53.10%),B:21.6(1.11%),P:1e-165	Tpos:847.4,Tstd:505.6,Bpos:952.6,Bstd:739.6,StrandBias:0.0,Multiplicity:1.96
0.193	0.344	0.136	0.327
0.001	0.997	0.001	0.001
0.001	0.997	0.001	0.001
0.997	0.001	0.001	0.001
0.001	0.001	0.997	0.001
0.010	0.485	0.504	0.001
0.001	0.997	0.001	0.001
0.001	0.001	0.001	0.997
0.001	0.001	0.997	0.001
0.001	0.001	0.997	0.001
>GAGACGGGGT	4-GAGACGGGGT	10.629408	-358.789586	0	T:220.0(52.38%),B:28.6(1.47%),P:1e-155	Tpos:791.0,Tstd:491.3,Bpos:1001.3,Bstd:693.8,StrandBias:0.1,Multiplicity:1.96
0.013	0.001	0.985	0.001
0.997	0.001	0.001	0.001
0.008	0.001	0.990	0.001
0.997	0.001	0.001	0.001
0.024	0.759	0.001	0.216
0.225	0.001	0.773	0.001
0.001	0.006	0.992	0.001
0.247	0.001	0.751	0.001
0.001	0.001	0.997	0.001
0.001	0.001	0.001	0.997
>GGAGGCDGAG	5-GGAGGCDGAG	7.374930	-354.565837	0	T:351.0(83.57%),B:323.0(16.60%),P:1e-153	Tpos:1031.3,Tstd:591.1,Bpos:957.7,Bstd:768.7,StrandBias:-0.2,Multiplicity:1.95
0.211	0.052	0.582	0.155
0.131	0.131	0.729	0.009
0.709	0.038	0.196	0.057
0.163	0.021	0.772	0.044
0.207	0.139	0.597	0.057
0.203	0.477	0.199	0.121
0.380	0.034	0.272	0.314
0.040	0.121	0.837	0.002
0.528	0.051	0.316	0.105
0.116	0.061	0.799	0.024
>TTTTTTTTTT	6-TTTTTTTTTT	9.280538	-332.914870	0	T:329.0(78.33%),B:277.1(14.24%),P:1e-144	Tpos:905.3,Tstd:523.3,Bpos:958.8,Bstd:887.0,StrandBias:0.1,Multiplicity:2.20
0.030	0.019	0.031	0.920
0.001	0.025	0.080	0.894
0.001	0.153	0.168	0.678
0.040	0.051	0.009	0.900
0.206	0.101	0.114	0.579
0.104	0.055	0.074	0.767
0.062	0.067	0.129	0.742
0.025	0.038	0.056	0.881
0.073	0.015	0.029	0.883
0.040	0.024	0.034	0.902
>AAAAAAAAAA	7-AAAAAAAAAA	10.296193	-323.011460	0	T:221.0(52.62%),B:49.1(2.52%),P:1e-140	Tpos:871.6,Tstd:546.8,Bpos:1040.7,Bstd:835.9,StrandBias:-0.0,Multiplicity:1.57
0.700	0.100	0.100	0.100
0.700	0.100	0.100	0.100
0.700	0.100	0.100	0.100
0.700	0.100	0.100	0.100
0.700	0.100	0.100	0.100
0.700	0.100	0.100	0.100
0.700	0.100	0.100	0.100
0.700	0.100	0.100	0.100
0.700	0.100	0.100	0.100
0.700	0.100	0.100	0.100
>TGCAGTGRGC	8-TGCAGTGRGC	12.007925	-321.457462	0	T:175.0(41.67%),B:4.9(0.25%),P:1e-139	Tpos:810.0,Tstd:482.6,Bpos:1514.6,Bstd:247.9,StrandBias:-0.2,Multiplicity:1.34
0.001	0.001	0.001	0.997
0.001	0.001	0.997	0.001
0.001	0.997	0.001	0.001
0.997	0.001	0.001	0.001
0.001	0.001	0.997	0.001
0.001	0.001	0.001	0.997
0.001	0.001	0.997	0.001
0.545	0.001	0.453	0.001
0.001	0.309	0.534	0.156
0.131	0.549	0.319	0.001
>GGGTTCAHGC	9-GGGTTCAHGC	7.327751	-321.414557	0	T:218.0(51.90%),B:46.1(2.37%),P:1e-139	Tpos:832.7,Tstd:489.3,Bpos:1051.8,Bstd:678.0,StrandBias:0.1,Multiplicity:1.51
0.005	0.001	0.873	0.121
0.001	0.001	0.997	0.001
0.001	0.001	0.997	0.001
0.001	0.266	0.001	0.732
0.001	0.001	0.001	0.997
0.001	0.997	0.001	0.001
0.997	0.001	0.001	0.001
0.405	0.329	0.001	0.265
0.001	0.001	0.997	0.001
0.001	0.997	0.001	0.001
>CCACCACGCC	10-CCACCACGCC	9.279344	-306.133358	0	T:216.0(51.43%),B:53.5(2.75%),P:1e-132	Tpos:822.0,Tstd:497.4,Bpos:1024.6,Bstd:601.2,StrandBias:0.3,Multiplicity:1.95
0.001	0.994	0.004	0.001
0.010	0.979	0.001	0.010
0.997	0.001	0.001	0.001
0.001	0.997	0.001	0.001
0.001	0.997	0.001	0.001
0.798	0.001	0.200	0.001
0.001	0.758	0.018	0.223
0.211	0.018	0.770	0.001
0.001	0.979	0.001	0.019
0.004	0.994	0.001	0.001
>TAATCCCAGC	11-TAATCCCAGC	8.621587	-303.362266	0	T:262.0(62.38%),B:136.2(7.00%),P:1e-131	Tpos:805.7,Tstd:518.8,Bpos:925.7,Bstd:748.8,StrandBias:-0.3,Multiplicity:1.39
0.083	0.119	0.125	0.673
0.685	0.102	0.189	0.024
0.597	0.085	0.198	0.120
0.056	0.076	0.122	0.746
0.001	0.895	0.020	0.084
0.053	0.821	0.020	0.106
0.022	0.920	0.008	0.050
0.917	0.026	0.046	0.011
0.030	0.032	0.901	0.037
0.061	0.851	0.073	0.015
>AGCCCAGGAG	12-AGCCCAGGAG	10.387238	-285.139253	0	T:200.0(47.62%),B:45.8(2.35%),P:1e-123	Tpos:815.3,Tstd:493.6,Bpos:998.6,Bstd:670.8,StrandBias:-0.2,Multiplicity:1.52
0.921	0.001	0.001	0.077
0.001	0.008	0.979	0.012
0.072	0.637	0.264	0.027
0.001	0.692	0.116	0.191
0.001	0.963	0.035	0.001
0.997	0.001	0.001	0.001
0.001	0.001	0.997	0.001
0.023	0.104	0.872	0.001
0.892	0.001	0.001	0.106
0.001	0.027	0.925	0.047
>AGGCTGGTCT	13-AGGCTGGTCT	10.047947	-279.205177	0	T:194.0(46.19%),B:41.3(2.12%),P:1e-121	Tpos:853.4,Tstd:497.9,Bpos:903.7,Bstd:606.6,StrandBias:0.4,Multiplicity:1.27
0.970	0.001	0.028	0.001
0.079	0.001	0.919	0.001
0.001	0.003	0.995	0.001
0.320	0.606	0.041	0.033
0.001	0.001	0.001	0.997
0.086	0.001	0.902	0.011
0.063	0.020	0.887	0.030
0.018	0.006	0.005	0.971
0.001	0.975	0.023	0.001
0.001	0.001	0.001	0.997
>CWGCCTGGGC	14-CWGCCTGGGC	7.615173	-278.891853	0	T:342.0(81.43%),B:409.6(21.05%),P:1e-121	Tpos:1028.8,Tstd:577.1,Bpos:973.2,Bstd:794.3,StrandBias:0.2,Multiplicity:1.87
0.032	0.766	0.160	0.042
0.553	0.001	0.001	0.445
0.038	0.072	0.776	0.114
0.001	0.874	0.097	0.028
0.001	0.997	0.001	0.001
0.091	0.026	0.001	0.882
0.001	0.001	0.940	0.058
0.082	0.001	0.845	0.072
0.043	0.313	0.643	0.001
0.302	0.507	0.115	0.076
>GTGCAGTGGC	15-GTGCAGTGGC	9.011467	-271.032120	0	T:216.0(51.43%),B:80.0(4.11%),P:1e-117	Tpos:831.5,Tstd:509.6,Bpos:1110.5,Bstd:672.0,StrandBias:-0.2,Multiplicity:1.65
0.001	0.015	0.976	0.008
0.015	0.068	0.018	0.899
0.013	0.001	0.985	0.001
0.002	0.973	0.001	0.024
0.994	0.001	0.004	0.001
0.062	0.001	0.936	0.001
0.001	0.007	0.015	0.977
0.001	0.001	0.997	0.001
0.013	0.001	0.985	0.001
0.008	0.789	0.010	0.193
>AAATTAGCCG	16-AAATTAGCCG	11.919114	-258.268345	0	T:165.0(39.29%),B:20.3(1.04%),P:1e-112	Tpos:823.5,Tstd:515.5,Bpos:543.8,Bstd:429.6,StrandBias:-0.7,Multiplicity:1.31
0.997	0.001	0.001	0.001
0.997	0.001	0.001	0.001
0.996	0.001	0.001	0.002
0.001	0.001	0.001	0.997
0.001	0.009	0.001	0.989
0.997	0.001	0.001	0.001
0.001	0.001	0.997	0.001
0.001	0.997	0.001	0.001
0.001	0.627	0.001	0.371
0.236	0.027	0.736	0.001
>TTTSTTTTTT	17-TTTSTTTTTT	8.295305	-251.901909	0	T:378.0(90.00%),B:636.4(32.71%),P:1e-109	Tpos:884.4,Tstd:524.1,Bpos:996.2,Bstd:758.5,StrandBias:-0.2,Multiplicity:1.92
0.062	0.005	0.001	0.932
0.027	0.030	0.020	0.923
0.141	0.043	0.001	0.815
0.196	0.393	0.256	0.156
0.068	0.034	0.001	0.897
0.136	0.039	0.066	0.759
0.001	0.041	0.020	0.938
0.062	0.088	0.001	0.849
0.001	0.102	0.023	0.874
0.048	0.055	0.023	0.874
>AACATGGTGA	18-AACATGGTGA	9.692059	-213.323438	0	T:155.0(36.90%),B:34.8(1.79%),P:1e-92	Tpos:814.6,Tstd:496.7,Bpos:1140.1,Bstd:663.7,StrandBias:-0.1,Multiplicity:1.29
0.997	0.001	0.001	0.001
0.997	0.001	0.001	0.001
0.001	0.997	0.001	0.001
0.997	0.001	0.001	0.001
0.034	0.193	0.001	0.772
0.087	0.001	0.911	0.001
0.001	0.001	0.997	0.001
0.001	0.059	0.001	0.939
0.001	0.001	0.997	0.001
0.997	0.001	0.001	0.001
>AGAGAGAGAG	19-AGAGAGAGAG	9.258216	-200.778255	0	T:211.0(50.24%),B:141.6(7.28%),P:1e-87	Tpos:919.1,Tstd:514.7,Bpos:972.4,Bstd:757.8,StrandBias:0.5,Multiplicity:1.39
0.997	0.001	0.001	0.001
0.078	0.352	0.569	0.001
0.997	0.001	0.001	0.001
0.272	0.001	0.726	0.001
0.921	0.001	0.077	0.001
0.063	0.026	0.910	0.001
0.653	0.223	0.123	0.001
0.331	0.001	0.667	0.001
0.890	0.001	0.108	0.001
0.101	0.001	0.897	0.001
>GATCCWCCYG	20-GATCCWCCYG	10.427723	-192.697891	0	T:148.0(35.24%),B:39.7(2.04%),P:1e-83	Tpos:853.8,Tstd:503.3,Bpos:1166.3,Bstd:565.1,StrandBias:0.4,Multiplicity:1.67
0.028	0.215	0.736	0.021
0.980	0.018	0.001	0.001
0.001	0.001	0.001	0.997
0.001	0.670	0.001	0.328
0.001	0.867	0.001	0.131
0.314	0.001	0.233	0.452
0.001	0.997	0.001	0.001
0.001	0.997	0.001	0.001
0.014	0.447	0.001	0.538
0.253	0.001	0.745	0.001
>CCTCCCTYCC	21-CCTCCCTYCC	6.468948	-175.021448	0	T:319.0(75.95%),B:532.8(27.39%),P:1e-76	Tpos:1097.3,Tstd:567.5,Bpos:992.6,Bstd:759.6,StrandBias:-0.0,Multiplicity:1.98
0.059	0.594	0.094	0.253
0.058	0.613	0.052	0.277
0.089	0.226	0.096	0.589
0.014	0.554	0.197	0.235
0.115	0.597	0.045	0.243
0.071	0.644	0.033	0.252
0.116	0.330	0.045	0.509
0.068	0.370	0.161	0.401
0.033	0.676	0.097	0.194
0.120	0.597	0.011	0.272
>CYCTCTCTCT	22-CYCTCTCTCT	7.349701	-171.498998	0	T:392.0(93.33%),B:944.5(48.54%),P:1e-74	Tpos:1007.7,Tstd:574.9,Bpos:987.9,Bstd:779.0,StrandBias:0.1,Multiplicity:2.13
0.001	0.740	0.001	0.258
0.001	0.442	0.001	0.556
0.001	0.587	0.121	0.291
0.112	0.308	0.001	0.579
0.001	0.570	0.031	0.398
0.001	0.203	0.001	0.795
0.001	0.997	0.001	0.001
0.001	0.001	0.001	0.997
0.001	0.588	0.410	0.001
0.090	0.297	0.087	0.526
>GTGTGTGTGT	23-GTGTGTGTGT	6.366769	-146.219881	0	T:158.0(37.62%),B:99.8(5.13%),P:1e-63	Tpos:1053.4,Tstd:543.8,Bpos:1008.2,Bstd:702.8,StrandBias:-0.4,Multiplicity:1.45
0.001	0.001	0.751	0.247
0.001	0.001	0.001	0.997
0.001	0.001	0.997	0.001
0.001	0.001	0.001	0.997
0.001	0.001	0.813	0.185
0.001	0.001	0.001	0.997
0.001	0.001	0.997	0.001
0.001	0.001	0.001	0.997
0.001	0.001	0.755	0.243
0.001	0.001	0.001	0.997
>GGGGGGGGGG	24-GGGGGGGGGG	7.958229	-131.750821	0	T:211.0(50.24%),B:251.3(12.92%),P:1e-57	Tpos:1393.4,Tstd:589.4,Bpos:984.3,Bstd:729.1,StrandBias:-0.3,Multiplicity:2.30
0.082	0.045	0.777	0.096
0.031	0.019	0.916	0.034
0.087	0.009	0.869	0.035
0.075	0.089	0.800	0.036
0.210	0.183	0.481	0.126
0.169	0.171	0.523	0.137
0.079	0.040	0.768	0.113
0.001	0.019	0.946	0.034
0.023	0.028	0.883	0.066
0.117	0.151	0.703	0.029
>TTTTAAAAWW	25-TTTTAAAAWW	9.458232	-128.661176	0	T:179.0(42.62%),B:171.2(8.80%),P:1e-55	Tpos:928.1,Tstd:535.5,Bpos:980.2,Bstd:717.4,StrandBias:-0.1,Multiplicity:1.44
0.101	0.001	0.001	0.897
0.001	0.001	0.001	0.997
0.001	0.001	0.001	0.997
0.254	0.001	0.001	0.744
0.794	0.001	0.001	0.204
0.967	0.031	0.001	0.001
0.997	0.001	0.001	0.001
0.997	0.001	0.001	0.001
0.441	0.056	0.144	0.359
0.431	0.035	0.049	0.485
