>GRGTYTCACYMT	11-GRGTYTCACYMT,BestGuess:IRF2/MA0051.2/Jaspar(0.671)	9.546153	-333.710680	0	T:231.0(55.00%),B:56.5(2.90%),P:1e-144
0.111	0.022	0.832	0.035
0.401	0.013	0.538	0.048
0.136	0.001	0.775	0.088
0.016	0.079	0.041	0.864
0.001	0.432	0.035	0.532
0.038	0.057	0.016	0.889
0.006	0.766	0.022	0.206
0.490	0.086	0.329	0.095
0.067	0.800	0.047	0.086
0.057	0.434	0.003	0.506
0.419	0.410	0.082	0.089
0.001	0.066	0.044	0.889
