>GCTAATTTTTWW	17-GCTAATTTTTWW,BestGuess:ceh-10/MA2179.1/Jaspar(0.819)	11.210277	-296.632589	0	T:168.0(40.00%),B:7.6(0.39%),P:1e-128
0.018	0.001	0.980	0.001
0.175	0.601	0.088	0.136
0.135	0.009	0.001	0.855
0.786	0.029	0.117	0.068
0.884	0.001	0.096	0.019
0.116	0.001	0.106	0.777
0.039	0.019	0.136	0.806
0.126	0.087	0.068	0.719
0.106	0.001	0.048	0.845
0.039	0.174	0.300	0.487
0.360	0.001	0.223	0.416
0.457	0.068	0.165	0.311
