>GGGAGGCKGAGG	2-GGGAGGCKGAGG,BestGuess:ZNF460/MA1596.1/Jaspar(0.910)	10.690501	-442.415951	0	T:254.0(60.48%),B:26.1(1.34%),P:1e-192
0.245	0.056	0.600	0.099
0.089	0.001	0.887	0.023
0.132	0.019	0.840	0.009
0.882	0.019	0.052	0.047
0.161	0.024	0.796	0.019
0.160	0.028	0.774	0.038
0.061	0.670	0.099	0.170
0.165	0.212	0.259	0.363
0.151	0.033	0.807	0.009
0.910	0.005	0.071	0.014
0.094	0.005	0.892	0.009
0.174	0.071	0.736	0.019
