>CCTYTYTCCCTC	18-CCTYTYTCCCTC,BestGuess:SeqBias: G/A bias(0.840)	7.202582	-222.329477	0	T:374.0(89.05%),B:684.2(35.17%),P:1e-96
0.042	0.561	0.042	0.355
0.032	0.599	0.018	0.351
0.033	0.299	0.031	0.637
0.036	0.508	0.046	0.410
0.032	0.380	0.024	0.564
0.025	0.520	0.041	0.414
0.036	0.288	0.031	0.645
0.032	0.527	0.083	0.358
0.146	0.584	0.026	0.244
0.064	0.533	0.022	0.381
0.036	0.334	0.038	0.592
0.046	0.603	0.043	0.308
