>CTCGAACTCCTG	7-CTCGAACTCCTG	10.927299	-357.929946	0	T:204.0(48.57%),B:13.9(0.72%),P:1e-155
0.001	0.888	0.031	0.080
0.031	0.063	0.001	0.905
0.016	0.585	0.111	0.288
0.191	0.202	0.575	0.032
0.967	0.001	0.031	0.001
0.727	0.081	0.032	0.160
0.016	0.809	0.032	0.143
0.042	0.031	0.001	0.926
0.032	0.870	0.032	0.066
0.001	0.967	0.001	0.031
0.047	0.111	0.016	0.826
0.111	0.016	0.857	0.016
