>TATATATATATA	25-TATATATATATA,BestGuess:SeqBias: TA-repeat(0.916)	10.216010	-35.578520	0	T:44.0(10.48%),B:30.6(1.57%),P:1e-15
0.110	0.066	0.035	0.789
0.844	0.046	0.083	0.027
0.052	0.048	0.031	0.869
0.784	0.026	0.105	0.085
0.053	0.038	0.023	0.886
0.814	0.006	0.064	0.116
0.051	0.059	0.011	0.879
0.838	0.032	0.057	0.073
0.047	0.051	0.026	0.876
0.818	0.026	0.046	0.110
0.102	0.085	0.018	0.795
0.814	0.026	0.094	0.066
