>WWAAAAATTAGC	17-GCTAATTTTTWW	11.210277	-296.632589	0	T:168.0(40.00%),B:7.6(0.39%),P:1e-128
0.311	0.165	0.068	0.457
0.416	0.223	0.001	0.360
0.487	0.300	0.174	0.039
0.845	0.048	0.001	0.106
0.719	0.068	0.087	0.126
0.806	0.136	0.019	0.039
0.777	0.106	0.001	0.116
0.019	0.096	0.001	0.884
0.068	0.117	0.029	0.786
0.855	0.001	0.009	0.135
0.136	0.088	0.601	0.175
0.001	0.980	0.001	0.018
