>AKRGTGARACYC	11-GRGTYTCACYMT	9.546153	-333.710680	0	T:231.0(55.00%),B:56.5(2.90%),P:1e-144
0.889	0.044	0.066	0.001
0.089	0.082	0.410	0.419
0.506	0.003	0.434	0.057
0.086	0.047	0.800	0.067
0.095	0.329	0.086	0.490
0.206	0.022	0.766	0.006
0.889	0.016	0.057	0.038
0.532	0.035	0.432	0.001
0.864	0.041	0.079	0.016
0.088	0.775	0.001	0.136
0.048	0.538	0.013	0.401
0.035	0.832	0.022	0.111
