>GAGGGARARAGG	18-CCTYTYTCCCTC	7.202582	-222.329477	0	T:374.0(89.05%),B:684.2(35.17%),P:1e-96
0.308	0.043	0.603	0.046
0.592	0.038	0.334	0.036
0.381	0.022	0.533	0.064
0.244	0.026	0.584	0.146
0.358	0.083	0.527	0.032
0.645	0.031	0.288	0.036
0.414	0.041	0.520	0.025
0.564	0.024	0.380	0.032
0.410	0.046	0.508	0.036
0.637	0.031	0.299	0.033
0.351	0.018	0.599	0.032
0.355	0.042	0.561	0.042
