>CAGCCTGGGCAA	3-TTGCCCAGGCTG	10.814327	-438.254499	0	T:231.0(55.00%),B:7.8(0.40%),P:1e-190
0.017	0.895	0.021	0.067
0.949	0.017	0.017	0.017
0.042	0.021	0.879	0.058
0.017	0.917	0.037	0.029
0.021	0.917	0.008	0.054
0.025	0.021	0.012	0.942
0.021	0.017	0.941	0.021
0.160	0.021	0.794	0.025
0.046	0.323	0.614	0.017
0.067	0.669	0.042	0.222
0.591	0.054	0.322	0.033
0.892	0.046	0.033	0.029
