>TTGCCCAGGCTG	3-TTGCCCAGGCTG,BestGuess:ZNF213/MA2121.1/Jaspar(0.844)	10.814327	-438.254499	0	T:231.0(55.00%),B:7.8(0.40%),P:1e-190
0.029	0.033	0.046	0.892
0.033	0.322	0.054	0.591
0.222	0.042	0.669	0.067
0.017	0.614	0.323	0.046
0.025	0.794	0.021	0.160
0.021	0.941	0.017	0.021
0.942	0.012	0.021	0.025
0.054	0.008	0.917	0.021
0.029	0.037	0.917	0.017
0.058	0.879	0.021	0.042
0.017	0.017	0.017	0.949
0.067	0.021	0.895	0.017
