>CCCCCCCCCCCC	19-GGGGGGGGGGGG	7.196836	-152.743678	0	T:263.0(62.62%),B:370.1(19.02%),P:1e-66
0.013	0.775	0.034	0.178
0.074	0.669	0.117	0.140
0.106	0.550	0.160	0.184
0.083	0.522	0.197	0.198
0.044	0.545	0.237	0.174
0.047	0.805	0.142	0.006
0.107	0.750	0.105	0.038
0.137	0.538	0.136	0.189
0.113	0.504	0.238	0.145
0.051	0.572	0.249	0.128
0.079	0.694	0.173	0.054
0.128	0.806	0.027	0.039
