>TTCATTCATTCA	23-TTCATTCATTCA,BestGuess:ZNF24/MA1124.1/Jaspar(0.892)	9.597926	-73.025376	0	T:91.0(21.67%),B:65.6(3.37%),P:1e-31
0.065	0.058	0.051	0.826
0.061	0.072	0.065	0.802
0.077	0.812	0.026	0.085
0.848	0.080	0.043	0.029
0.007	0.073	0.029	0.891
0.043	0.084	0.036	0.837
0.074	0.757	0.058	0.111
0.853	0.065	0.029	0.053
0.029	0.058	0.051	0.862
0.022	0.072	0.043	0.863
0.092	0.743	0.058	0.107
0.913	0.043	0.029	0.015
