>CCTCMGCCTCCC	2-GGGAGGCKGAGG	10.690501	-442.415951	0	T:254.0(60.48%),B:26.1(1.34%),P:1e-192
0.019	0.736	0.071	0.174
0.009	0.892	0.005	0.094
0.014	0.071	0.005	0.910
0.009	0.807	0.033	0.151
0.363	0.259	0.212	0.165
0.170	0.099	0.670	0.061
0.038	0.774	0.028	0.160
0.019	0.796	0.024	0.161
0.047	0.052	0.019	0.882
0.009	0.840	0.019	0.132
0.023	0.887	0.001	0.089
0.099	0.600	0.056	0.245
