>TTTTTYTTTBTK	15-TTTTTYTTTBTK	7.491192	-307.627162	0	T:366.0(87.14%),B:460.6(23.67%),P:1e-133
0.085	0.048	0.063	0.804
0.062	0.199	0.259	0.480
0.081	0.061	0.045	0.813
0.254	0.062	0.264	0.420
0.065	0.060	0.057	0.818
0.168	0.234	0.218	0.380
0.211	0.042	0.112	0.635
0.196	0.221	0.198	0.384
0.074	0.056	0.047	0.823
0.159	0.240	0.230	0.372
0.254	0.049	0.039	0.658
0.183	0.193	0.256	0.368
