>CTCCCAAAGTGC	4-GCACTTTGGGAG	9.943763	-388.228987	0	T:211.0(50.24%),B:8.9(0.46%),P:1e-168
0.029	0.827	0.014	0.130
0.013	0.001	0.001	0.985
0.001	0.899	0.028	0.072
0.014	0.929	0.014	0.043
0.001	0.971	0.014	0.014
0.971	0.014	0.001	0.014
0.957	0.028	0.014	0.001
0.985	0.013	0.001	0.001
0.028	0.001	0.957	0.014
0.001	0.013	0.001	0.985
0.001	0.014	0.971	0.014
0.001	0.970	0.001	0.028
