>TGAATGAATGAA	23-TTCATTCATTCA	9.597926	-73.025376	0	T:91.0(21.67%),B:65.6(3.37%),P:1e-31
0.015	0.029	0.043	0.913
0.107	0.058	0.743	0.092
0.863	0.043	0.072	0.022
0.862	0.051	0.058	0.029
0.053	0.029	0.065	0.853
0.111	0.058	0.757	0.074
0.837	0.036	0.084	0.043
0.891	0.029	0.073	0.007
0.029	0.043	0.080	0.848
0.085	0.026	0.812	0.077
0.802	0.065	0.072	0.061
0.826	0.051	0.058	0.065
