>WWWWTTTTAAAA	20-WWWWTTTTAAAA,BestGuess:Unknown6/Drosophila-Promoters/Homer(0.913)	7.766855	-145.954451	0	T:210.0(50.00%),B:221.4(11.38%),P:1e-63
0.397	0.133	0.156	0.314
0.439	0.108	0.106	0.346
0.394	0.156	0.123	0.328
0.360	0.172	0.091	0.377
0.212	0.171	0.149	0.468
0.090	0.064	0.105	0.741
0.153	0.013	0.017	0.817
0.298	0.068	0.141	0.493
0.489	0.086	0.089	0.336
0.815	0.019	0.141	0.025
0.787	0.019	0.049	0.145
0.594	0.051	0.060	0.295
