>TGGCCAGGCTGG	13-TGGCCAGGCTGG	8.010818	-311.332047	0	T:318.0(75.71%),B:272.2(13.99%),P:1e-135
0.292	0.018	0.166	0.524
0.164	0.001	0.834	0.001
0.113	0.270	0.577	0.040
0.148	0.732	0.031	0.089
0.132	0.814	0.001	0.053
0.865	0.001	0.017	0.117
0.095	0.001	0.895	0.009
0.080	0.135	0.767	0.018
0.269	0.547	0.148	0.036
0.274	0.001	0.001	0.724
0.035	0.001	0.920	0.044
0.115	0.013	0.837	0.035
