>GTGTGTGTGTGT	21-GTGTGTGTGTGT	9.273327	-121.994016	0	T:104.0(24.76%),B:34.7(1.78%),P:1e-52
0.111	0.104	0.651	0.134
0.099	0.073	0.102	0.726
0.080	0.088	0.728	0.104
0.097	0.050	0.063	0.790
0.086	0.054	0.767	0.093
0.078	0.045	0.075	0.802
0.101	0.086	0.745	0.068
0.048	0.045	0.074	0.833
0.104	0.037	0.745	0.114
0.067	0.019	0.073	0.841
0.095	0.102	0.644	0.159
0.108	0.071	0.119	0.702
