>CCTGTAATCCCA	1-CCTGTAATCCCA,BestGuess:OTX2/MA0712.3/Jaspar(0.721)	9.901114	-478.224679	0	T:243.0(57.86%),B:4.3(0.22%),P:1e-207
0.010	0.949	0.002	0.039
0.004	0.965	0.004	0.027
0.008	0.002	0.002	0.988
0.044	0.009	0.946	0.001
0.002	0.009	0.001	0.988
0.984	0.002	0.012	0.002
0.823	0.001	0.171	0.005
0.001	0.013	0.002	0.984
0.001	0.965	0.007	0.027
0.002	0.939	0.001	0.058
0.007	0.964	0.001	0.028
0.994	0.002	0.002	0.002
>GGGAGGCKGAGG	2-GGGAGGCKGAGG,BestGuess:ZNF460/MA1596.1/Jaspar(0.910)	10.690501	-442.415951	0	T:254.0(60.48%),B:26.1(1.34%),P:1e-192
0.245	0.056	0.600	0.099
0.089	0.001	0.887	0.023
0.132	0.019	0.840	0.009
0.882	0.019	0.052	0.047
0.161	0.024	0.796	0.019
0.160	0.028	0.774	0.038
0.061	0.670	0.099	0.170
0.165	0.212	0.259	0.363
0.151	0.033	0.807	0.009
0.910	0.005	0.071	0.014
0.094	0.005	0.892	0.009
0.174	0.071	0.736	0.019
>TTGCCCAGGCTG	3-TTGCCCAGGCTG,BestGuess:ZNF213/MA2121.1/Jaspar(0.844)	10.814327	-438.254499	0	T:231.0(55.00%),B:7.8(0.40%),P:1e-190
0.029	0.033	0.046	0.892
0.033	0.322	0.054	0.591
0.222	0.042	0.669	0.067
0.017	0.614	0.323	0.046
0.025	0.794	0.021	0.160
0.021	0.941	0.017	0.021
0.942	0.012	0.021	0.025
0.054	0.008	0.917	0.021
0.029	0.037	0.917	0.017
0.058	0.879	0.021	0.042
0.017	0.017	0.017	0.949
0.067	0.021	0.895	0.017
>GCACTTTGGGAG	4-GCACTTTGGGAG,BestGuess:HNF4G/MA0484.3/Jaspar(0.685)	9.943763	-388.228987	0	T:211.0(50.24%),B:8.9(0.46%),P:1e-168
0.028	0.001	0.970	0.001
0.014	0.971	0.014	0.001
0.985	0.001	0.013	0.001
0.014	0.957	0.001	0.028
0.001	0.001	0.013	0.985
0.001	0.014	0.028	0.957
0.014	0.001	0.014	0.971
0.014	0.014	0.971	0.001
0.043	0.014	0.929	0.014
0.072	0.028	0.899	0.001
0.985	0.001	0.001	0.013
0.130	0.014	0.827	0.029
>AAAAAAAARAAA	5-AAAAAAAARAAA,BestGuess:SeqBias: polyA-repeat(0.852)	7.796443	-375.330158	0	T:298.0(70.95%),B:144.8(7.44%),P:1e-163
0.997	0.001	0.001	0.001
0.997	0.001	0.001	0.001
0.997	0.001	0.001	0.001
0.790	0.208	0.001	0.001
0.716	0.282	0.001	0.001
0.997	0.001	0.001	0.001
0.997	0.001	0.001	0.001
0.997	0.001	0.001	0.001
0.490	0.001	0.508	0.001
0.997	0.001	0.001	0.001
0.997	0.001	0.001	0.001
0.997	0.001	0.001	0.001
>GGGYGCRGTGGC	6-GGGYGCRGTGGC,BestGuess:MET31/MA0333.2/Jaspar(0.713)	10.603775	-372.014263	0	T:224.0(53.33%),B:26.8(1.38%),P:1e-161
0.221	0.055	0.703	0.021
0.381	0.014	0.578	0.027
0.137	0.007	0.855	0.001
0.034	0.433	0.055	0.477
0.241	0.048	0.656	0.055
0.007	0.614	0.014	0.365
0.443	0.007	0.496	0.055
0.276	0.013	0.710	0.001
0.041	0.013	0.001	0.945
0.001	0.001	0.997	0.001
0.020	0.001	0.966	0.013
0.034	0.703	0.055	0.208
>GAGACGGGGT	4-GAGACGGGGT,BestGuess:FXR2(KH)/Homo_sapiens-RNCMPT00020-PBM/HughesRNA(0.625)	10.629408	-358.789586	0	T:220.0(52.38%),B:28.6(1.47%),P:1e-155
0.013	0.001	0.985	0.001
0.997	0.001	0.001	0.001
0.008	0.001	0.990	0.001
0.997	0.001	0.001	0.001
0.024	0.759	0.001	0.216
0.225	0.001	0.773	0.001
0.001	0.006	0.992	0.001
0.247	0.001	0.751	0.001
0.001	0.001	0.997	0.001
0.001	0.001	0.001	0.997
>TTGCAGTGAGCC	8-TTGCAGTGAGCC,BestGuess:PB0091.1_Zbtb3_1/Jaspar(0.719)	9.980657	-357.466717	0	T:193.0(45.95%),B:5.2(0.27%),P:1e-155
0.004	0.105	0.001	0.890
0.001	0.004	0.001	0.994
0.018	0.001	0.977	0.004
0.004	0.991	0.001	0.004
0.968	0.001	0.027	0.004
0.018	0.001	0.972	0.009
0.004	0.004	0.001	0.991
0.004	0.001	0.991	0.004
0.991	0.004	0.001	0.004
0.001	0.001	0.997	0.001
0.001	0.997	0.001	0.001
0.014	0.820	0.009	0.157
>TTTTTAGTAGAG	9-TTTTTAGTAGAG,BestGuess:gt/dmmpmm(SeSiMCMC)/fly(0.684)	10.355723	-354.485473	0	T:200.0(47.62%),B:11.3(0.58%),P:1e-153
0.038	0.030	0.004	0.928
0.001	0.001	0.003	0.995
0.001	0.003	0.001	0.995
0.004	0.004	0.001	0.991
0.001	0.021	0.004	0.974
0.854	0.004	0.021	0.121
0.017	0.004	0.978	0.001
0.001	0.017	0.012	0.970
0.961	0.001	0.034	0.004
0.030	0.013	0.944	0.013
0.983	0.004	0.012	0.001
0.017	0.012	0.970	0.001
>GRGTYTCACYMT	11-GRGTYTCACYMT,BestGuess:IRF2/MA0051.2/Jaspar(0.671)	9.546153	-333.710680	0	T:231.0(55.00%),B:56.5(2.90%),P:1e-144
0.111	0.022	0.832	0.035
0.401	0.013	0.538	0.048
0.136	0.001	0.775	0.088
0.016	0.079	0.041	0.864
0.001	0.432	0.035	0.532
0.038	0.057	0.016	0.889
0.006	0.766	0.022	0.206
0.490	0.086	0.329	0.095
0.067	0.800	0.047	0.086
0.057	0.434	0.003	0.506
0.419	0.410	0.082	0.089
0.001	0.066	0.044	0.889
>TCAAGTGATCCT	12-TCAAGTGATCCT,BestGuess:SREBF1/MA0829.3/Jaspar(0.801)	9.161501	-331.839801	0	T:201.0(47.86%),B:21.6(1.11%),P:1e-144
0.001	0.001	0.001	0.997
0.001	0.997	0.001	0.001
0.997	0.001	0.001	0.001
0.691	0.001	0.307	0.001
0.001	0.001	0.997	0.001
0.007	0.352	0.010	0.631
0.013	0.003	0.983	0.001
0.997	0.001	0.001	0.001
0.001	0.001	0.001	0.997
0.001	0.630	0.001	0.368
0.001	0.876	0.001	0.122
0.231	0.001	0.201	0.567
>GGGTTCAHGC	9-GGGTTCAHGC,BestGuess:usp/MA0016.2/Jaspar(0.754)	7.327751	-321.414557	0	T:218.0(51.90%),B:46.1(2.37%),P:1e-139
0.005	0.001	0.873	0.121
0.001	0.001	0.997	0.001
0.001	0.001	0.997	0.001
0.001	0.266	0.001	0.732
0.001	0.001	0.001	0.997
0.001	0.997	0.001	0.001
0.997	0.001	0.001	0.001
0.405	0.329	0.001	0.265
0.001	0.001	0.997	0.001
0.001	0.997	0.001	0.001
>GCTAATTTTTWW	17-GCTAATTTTTWW,BestGuess:ceh-10/MA2179.1/Jaspar(0.819)	11.210277	-296.632589	0	T:168.0(40.00%),B:7.6(0.39%),P:1e-128
0.018	0.001	0.980	0.001
0.175	0.601	0.088	0.136
0.135	0.009	0.001	0.855
0.786	0.029	0.117	0.068
0.884	0.001	0.096	0.019
0.116	0.001	0.106	0.777
0.039	0.019	0.136	0.806
0.126	0.087	0.068	0.719
0.106	0.001	0.048	0.845
0.039	0.174	0.300	0.487
0.360	0.001	0.223	0.416
0.457	0.068	0.165	0.311
>AGCCCAGGAG	12-AGCCCAGGAG,BestGuess:RAV1(2)(AP2/EREBP)/Arabidopsis thaliana/AthaMap(0.742)	10.387238	-285.139253	0	T:200.0(47.62%),B:45.8(2.35%),P:1e-123
0.921	0.001	0.001	0.077
0.001	0.008	0.979	0.012
0.072	0.637	0.264	0.027
0.001	0.692	0.116	0.191
0.001	0.963	0.035	0.001
0.997	0.001	0.001	0.001
0.001	0.001	0.997	0.001
0.023	0.104	0.872	0.001
0.892	0.001	0.001	0.106
0.001	0.027	0.925	0.047
>AGGCTGGTCT	13-AGGCTGGTCT,BestGuess:Gli1/MA1990.2/Jaspar(0.716)	10.047947	-279.205177	0	T:194.0(46.19%),B:41.3(2.12%),P:1e-121
0.970	0.001	0.028	0.001
0.079	0.001	0.919	0.001
0.001	0.003	0.995	0.001
0.320	0.606	0.041	0.033
0.001	0.001	0.001	0.997
0.086	0.001	0.902	0.011
0.063	0.020	0.887	0.030
0.018	0.006	0.005	0.971
0.001	0.975	0.023	0.001
0.001	0.001	0.001	0.997
>CCTYTYTCCCTC	18-CCTYTYTCCCTC,BestGuess:SeqBias: G/A bias(0.840)	7.202582	-222.329477	0	T:374.0(89.05%),B:684.2(35.17%),P:1e-96
0.042	0.561	0.042	0.355
0.032	0.599	0.018	0.351
0.033	0.299	0.031	0.637
0.036	0.508	0.046	0.410
0.032	0.380	0.024	0.564
0.025	0.520	0.041	0.414
0.036	0.288	0.031	0.645
0.032	0.527	0.083	0.358
0.146	0.584	0.026	0.244
0.064	0.533	0.022	0.381
0.036	0.334	0.038	0.592
0.046	0.603	0.043	0.308
>AACATGGTGA	18-AACATGGTGA,BestGuess:ASHR1(ND)/col-ASHR1-DAP-Seq(GSE60143)/Homer(0.762)	9.692059	-213.323438	0	T:155.0(36.90%),B:34.8(1.79%),P:1e-92
0.997	0.001	0.001	0.001
0.997	0.001	0.001	0.001
0.001	0.997	0.001	0.001
0.997	0.001	0.001	0.001
0.034	0.193	0.001	0.772
0.087	0.001	0.911	0.001
0.001	0.001	0.997	0.001
0.001	0.059	0.001	0.939
0.001	0.001	0.997	0.001
0.997	0.001	0.001	0.001
>GATCCWCCYG	20-GATCCWCCYG,BestGuess:SF2(RRM)/Drosophila_melanogaster-RNCMPT00066-PBM/HughesRNA(0.753)	10.427723	-192.697891	0	T:148.0(35.24%),B:39.7(2.04%),P:1e-83
0.028	0.215	0.736	0.021
0.980	0.018	0.001	0.001
0.001	0.001	0.001	0.997
0.001	0.670	0.001	0.328
0.001	0.867	0.001	0.131
0.314	0.001	0.233	0.452
0.001	0.997	0.001	0.001
0.001	0.997	0.001	0.001
0.014	0.447	0.001	0.538
0.253	0.001	0.745	0.001
>GGGGGGGGGGGG	19-GGGGGGGGGGGG,BestGuess:PB0097.1_Zfp281_1/Jaspar(0.850)	7.196836	-152.743678	0	T:263.0(62.62%),B:370.1(19.02%),P:1e-66
0.039	0.027	0.806	0.128
0.054	0.173	0.694	0.079
0.128	0.249	0.572	0.051
0.145	0.238	0.504	0.113
0.189	0.136	0.538	0.137
0.038	0.105	0.750	0.107
0.006	0.142	0.805	0.047
0.174	0.237	0.545	0.044
0.198	0.197	0.522	0.083
0.184	0.160	0.550	0.106
0.140	0.117	0.669	0.074
0.178	0.034	0.775	0.013
>GTGTGTGTGT	23-GTGTGTGTGT,BestGuess:cg/MA2107.1/Jaspar(0.952)	6.366769	-146.219881	0	T:158.0(37.62%),B:99.8(5.13%),P:1e-63
0.001	0.001	0.751	0.247
0.001	0.001	0.001	0.997
0.001	0.001	0.997	0.001
0.001	0.001	0.001	0.997
0.001	0.001	0.813	0.185
0.001	0.001	0.001	0.997
0.001	0.001	0.997	0.001
0.001	0.001	0.001	0.997
0.001	0.001	0.755	0.243
0.001	0.001	0.001	0.997
>WWWWTTTTAAAA	20-WWWWTTTTAAAA,BestGuess:Unknown6/Drosophila-Promoters/Homer(0.913)	7.766855	-145.954451	0	T:210.0(50.00%),B:221.4(11.38%),P:1e-63
0.397	0.133	0.156	0.314
0.439	0.108	0.106	0.346
0.394	0.156	0.123	0.328
0.360	0.172	0.091	0.377
0.212	0.171	0.149	0.468
0.090	0.064	0.105	0.741
0.153	0.013	0.017	0.817
0.298	0.068	0.141	0.493
0.489	0.086	0.089	0.336
0.815	0.019	0.141	0.025
0.787	0.019	0.049	0.145
0.594	0.051	0.060	0.295
>ACCTCGTGATCC	22-ACCTCGTGATCC,BestGuess:SNRNP70K(RRM)/Drosophila_melanogaster-RNCMPT00143-PBM/HughesRNA(0.711)	11.284458	-119.174486	0	T:72.0(17.14%),B:3.3(0.17%),P:1e-51
0.969	0.015	0.015	0.001
0.001	0.997	0.001	0.001
0.001	0.969	0.015	0.015
0.001	0.001	0.001	0.997
0.015	0.908	0.015	0.062
0.137	0.001	0.847	0.015
0.015	0.001	0.015	0.969
0.001	0.015	0.969	0.015
0.997	0.001	0.001	0.001
0.001	0.001	0.001	0.997
0.015	0.969	0.001	0.015
0.001	0.877	0.015	0.107
>TTCCTYCT	24-TTCCTYCT,BestGuess:RBM5(Znf)/Homo_sapiens-RNCMPT00055-PBM/HughesRNA(0.837)	5.948635	-91.930253	0	T:265.0(63.10%),B:547.1(28.12%),P:1e-39
0.001	0.001	0.001	0.997
0.001	0.001	0.001	0.997
0.001	0.997	0.001	0.001
0.001	0.985	0.001	0.013
0.001	0.001	0.001	0.997
0.001	0.458	0.001	0.540
0.001	0.997	0.001	0.001
0.001	0.001	0.001	0.997
>TTCATTCATTCA	23-TTCATTCATTCA,BestGuess:ZNF24/MA1124.1/Jaspar(0.892)	9.597926	-73.025376	0	T:91.0(21.67%),B:65.6(3.37%),P:1e-31
0.065	0.058	0.051	0.826
0.061	0.072	0.065	0.802
0.077	0.812	0.026	0.085
0.848	0.080	0.043	0.029
0.007	0.073	0.029	0.891
0.043	0.084	0.036	0.837
0.074	0.757	0.058	0.111
0.853	0.065	0.029	0.053
0.029	0.058	0.051	0.862
0.022	0.072	0.043	0.863
0.092	0.743	0.058	0.107
0.913	0.043	0.029	0.015
>ATAATAATAATA	24-ATAATAATAATA,BestGuess:bab1/dmmpmm(Pollard)/fly(0.850)	10.383558	-53.248267	0	T:57.0(13.57%),B:30.1(1.55%),P:1e-23
0.997	0.001	0.001	0.001
0.168	0.032	0.023	0.777
0.967	0.001	0.031	0.001
0.997	0.001	0.001	0.001
0.001	0.001	0.001	0.997
0.967	0.001	0.031	0.001
0.983	0.001	0.015	0.001
0.001	0.001	0.001	0.997
0.983	0.015	0.001	0.001
0.976	0.001	0.022	0.001
0.031	0.016	0.001	0.952
0.906	0.001	0.030	0.063
>TATATATATATA	25-TATATATATATA,BestGuess:SeqBias: TA-repeat(0.916)	10.216010	-35.578520	0	T:44.0(10.48%),B:30.6(1.57%),P:1e-15
0.110	0.066	0.035	0.789
0.844	0.046	0.083	0.027
0.052	0.048	0.031	0.869
0.784	0.026	0.105	0.085
0.053	0.038	0.023	0.886
0.814	0.006	0.064	0.116
0.051	0.059	0.011	0.879
0.838	0.032	0.057	0.073
0.047	0.051	0.026	0.876
0.818	0.026	0.046	0.110
0.102	0.085	0.018	0.795
0.814	0.026	0.094	0.066
