>CTCRGCCTCC	1-CTCRGCCTCC	10.639769	-440.080866	0	T:258.0(61.43%),B:33.5(1.70%),P:1e-191	Tpos:837.8,Tstd:510.4,Bpos:917.0,Bstd:818.7,StrandBias:0.2,Multiplicity:2.79
0.001	0.997	0.001	0.001
0.001	0.001	0.001	0.997
0.008	0.860	0.001	0.131
0.416	0.151	0.313	0.120
0.001	0.001	0.997	0.001
0.001	0.997	0.001	0.001
0.001	0.997	0.001	0.001
0.001	0.001	0.001	0.997
0.001	0.992	0.001	0.006
0.001	0.997	0.001	0.001
>TGTAATCCCA	2-TGTAATCCCA	11.027793	-416.126197	0	T:227.0(54.05%),B:12.6(0.64%),P:1e-180	Tpos:794.7,Tstd:504.8,Bpos:1362.6,Bstd:415.9,StrandBias:-0.2,Multiplicity:2.28
0.001	0.001	0.001	0.997
0.001	0.001	0.997	0.001
0.001	0.001	0.001	0.997
0.997	0.001	0.001	0.001
0.771	0.001	0.227	0.001
0.001	0.001	0.001	0.997
0.001	0.997	0.001	0.001
0.001	0.920	0.001	0.078
0.001	0.997	0.001	0.001
0.997	0.001	0.001	0.001
>VCCAGCCTGG	3-VCCAGCCTGG	8.968482	-393.141085	0	T:251.0(59.76%),B:50.0(2.53%),P:1e-170	Tpos:849.8,Tstd:509.4,Bpos:1003.9,Bstd:777.5,StrandBias:-0.0,Multiplicity:2.07
0.216	0.355	0.249	0.180
0.001	0.960	0.022	0.017
0.107	0.810	0.018	0.065
0.875	0.054	0.017	0.054
0.050	0.051	0.804	0.095
0.001	0.593	0.405	0.001
0.015	0.904	0.001	0.080
0.028	0.001	0.020	0.951
0.053	0.001	0.914	0.032
0.136	0.001	0.831	0.032
>AAAAAAAAAA	4-AAAAAAAAAA	9.519478	-381.854391	0	T:333.0(79.29%),B:232.8(11.80%),P:1e-165	Tpos:919.6,Tstd:520.5,Bpos:877.0,Bstd:616.7,StrandBias:-0.2,Multiplicity:2.25
0.926	0.027	0.018	0.029
0.922	0.063	0.014	0.001
0.898	0.067	0.034	0.001
0.916	0.050	0.033	0.001
0.758	0.062	0.074	0.106
0.583	0.104	0.077	0.236
0.840	0.036	0.052	0.072
0.769	0.164	0.066	0.001
0.964	0.034	0.001	0.001
0.901	0.055	0.022	0.022
>GAGACGGRGT	5-GAGACGGRGT	10.630624	-336.705337	0	T:207.0(49.29%),B:26.2(1.33%),P:1e-146	Tpos:801.4,Tstd:491.2,Bpos:859.2,Bstd:727.8,StrandBias:0.1,Multiplicity:1.82
0.001	0.001	0.976	0.022
0.928	0.001	0.070	0.001
0.001	0.001	0.997	0.001
0.824	0.052	0.103	0.021
0.106	0.485	0.089	0.320
0.305	0.001	0.622	0.072
0.079	0.001	0.909	0.011
0.457	0.001	0.541	0.001
0.068	0.001	0.930	0.001
0.001	0.102	0.113	0.784
>AAAAAAAAAA	6-AAAAAAAAAA	10.296193	-320.946707	0	T:221.0(52.62%),B:52.8(2.68%),P:1e-139	Tpos:871.6,Tstd:546.8,Bpos:908.5,Bstd:847.6,StrandBias:-0.0,Multiplicity:1.57
0.700	0.100	0.100	0.100
0.700	0.100	0.100	0.100
0.700	0.100	0.100	0.100
0.700	0.100	0.100	0.100
0.700	0.100	0.100	0.100
0.700	0.100	0.100	0.100
0.700	0.100	0.100	0.100
0.700	0.100	0.100	0.100
0.700	0.100	0.100	0.100
0.700	0.100	0.100	0.100
>TGCAGTGRGC	7-TGCAGTGRGC	11.440793	-315.150739	0	T:181.0(43.10%),B:11.3(0.57%),P:1e-136	Tpos:816.8,Tstd:485.9,Bpos:930.4,Bstd:402.1,StrandBias:-0.2,Multiplicity:1.35
0.001	0.001	0.001	0.997
0.001	0.001	0.997	0.001
0.001	0.997	0.001	0.001
0.997	0.001	0.001	0.001
0.001	0.001	0.997	0.001
0.001	0.001	0.001	0.997
0.001	0.001	0.997	0.001
0.527	0.001	0.471	0.001
0.001	0.322	0.536	0.141
0.146	0.534	0.319	0.001
>CCACCACSCC	8-CCACCACSCC	8.914207	-310.053218	0	T:277.0(65.95%),B:166.1(8.42%),P:1e-134	Tpos:1057.1,Tstd:607.2,Bpos:1030.0,Bstd:794.2,StrandBias:0.2,Multiplicity:2.13
0.004	0.970	0.013	0.013
0.001	0.985	0.004	0.010
0.615	0.192	0.103	0.090
0.013	0.985	0.001	0.001
0.013	0.893	0.001	0.093
0.439	0.271	0.251	0.040
0.006	0.853	0.027	0.114
0.157	0.303	0.420	0.120
0.090	0.870	0.039	0.001
0.001	0.970	0.001	0.028
>GTGCAGTGGC	9-GTGCAGTGGC	11.046825	-293.264649	0	T:172.0(40.95%),B:13.0(0.66%),P:1e-127	Tpos:840.4,Tstd:507.0,Bpos:614.4,Bstd:615.7,StrandBias:-0.2,Multiplicity:1.49
0.026	0.011	0.962	0.001
0.011	0.090	0.001	0.898
0.014	0.001	0.976	0.009
0.001	0.968	0.001	0.030
0.997	0.001	0.001	0.001
0.062	0.001	0.936	0.001
0.001	0.001	0.001	0.997
0.001	0.001	0.997	0.001
0.001	0.001	0.997	0.001
0.001	0.791	0.009	0.199
>AGGRCAGGAG	10-AGGRCAGGAG	9.493680	-289.081233	0	T:203.0(48.33%),B:48.7(2.47%),P:1e-125	Tpos:901.4,Tstd:543.0,Bpos:1009.7,Bstd:712.9,StrandBias:-0.2,Multiplicity:1.47
0.956	0.001	0.042	0.001
0.001	0.001	0.997	0.001
0.086	0.203	0.710	0.001
0.294	0.166	0.369	0.171
0.208	0.550	0.241	0.001
0.794	0.001	0.001	0.204
0.137	0.001	0.861	0.001
0.001	0.190	0.808	0.001
0.679	0.001	0.247	0.073
0.294	0.001	0.704	0.001
>GGGGGAGGGG	11-GGGGGAGGGG	7.802021	-286.777137	0	T:349.0(83.10%),B:431.5(21.87%),P:1e-124	Tpos:1281.1,Tstd:586.8,Bpos:996.7,Bstd:742.3,StrandBias:-0.3,Multiplicity:2.55
0.091	0.039	0.761	0.109
0.222	0.001	0.678	0.099
0.222	0.010	0.767	0.001
0.029	0.013	0.957	0.001
0.140	0.108	0.751	0.001
0.586	0.216	0.001	0.197
0.035	0.001	0.963	0.001
0.038	0.001	0.960	0.001
0.193	0.007	0.799	0.001
0.192	0.001	0.806	0.001
>GGTGGCTCAC	12-GGTGGCTCAC	10.203983	-279.464080	0	T:193.0(45.95%),B:41.9(2.12%),P:1e-121	Tpos:811.2,Tstd:528.5,Bpos:1024.0,Bstd:622.9,StrandBias:-0.4,Multiplicity:1.18
0.150	0.217	0.632	0.001
0.001	0.225	0.773	0.001
0.042	0.001	0.001	0.956
0.001	0.001	0.997	0.001
0.001	0.001	0.782	0.216
0.108	0.890	0.001	0.001
0.035	0.001	0.065	0.899
0.001	0.997	0.001	0.001
0.997	0.001	0.001	0.001
0.001	0.733	0.043	0.223
>AGACCAGCCT	13-AGACCAGCCT	10.942568	-278.767542	0	T:175.0(41.67%),B:21.5(1.09%),P:1e-121	Tpos:861.0,Tstd:519.0,Bpos:943.9,Bstd:543.5,StrandBias:-0.4,Multiplicity:1.17
0.997	0.001	0.001	0.001
0.001	0.001	0.997	0.001
0.832	0.001	0.166	0.001
0.001	0.997	0.001	0.001
0.001	0.639	0.001	0.359
0.698	0.134	0.001	0.167
0.001	0.001	0.665	0.333
0.001	0.981	0.017	0.001
0.038	0.696	0.001	0.265
0.134	0.017	0.001	0.848
>RGGCWGGGSH	14-RGGCWGGGSH	7.002467	-278.393927	0	T:392.0(93.33%),B:672.0(34.05%),P:1e-120	Tpos:1060.1,Tstd:592.4,Bpos:1000.4,Bstd:709.0,StrandBias:0.0,Multiplicity:2.13
0.472	0.001	0.438	0.090
0.084	0.001	0.810	0.105
0.050	0.132	0.783	0.035
0.076	0.855	0.068	0.001
0.516	0.001	0.070	0.413
0.001	0.001	0.993	0.005
0.292	0.061	0.590	0.057
0.215	0.114	0.499	0.172
0.227	0.377	0.379	0.018
0.295	0.223	0.156	0.325
>AAAATTAGCC	15-AAAATTAGCC	9.440127	-271.829728	0	T:181.0(43.10%),B:31.7(1.61%),P:1e-118	Tpos:881.3,Tstd:519.9,Bpos:1008.2,Bstd:519.3,StrandBias:-0.3,Multiplicity:1.20
0.997	0.001	0.001	0.001
0.980	0.001	0.018	0.001
0.997	0.001	0.001	0.001
0.997	0.001	0.001	0.001
0.001	0.022	0.001	0.976
0.001	0.001	0.001	0.997
0.997	0.001	0.001	0.001
0.040	0.001	0.958	0.001
0.001	0.997	0.001	0.001
0.001	0.726	0.001	0.272
>DGAGSCWSWG	16-DGAGSCWSWG	6.913561	-260.387104	0	T:358.0(85.24%),B:523.6(26.53%),P:1e-113	Tpos:989.6,Tstd:574.1,Bpos:1012.0,Bstd:746.2,StrandBias:-0.0,Multiplicity:1.88
0.210	0.120	0.324	0.346
0.083	0.342	0.574	0.001
0.674	0.006	0.098	0.222
0.080	0.066	0.851	0.003
0.169	0.362	0.391	0.077
0.068	0.855	0.001	0.076
0.395	0.127	0.010	0.469
0.001	0.449	0.521	0.029
0.446	0.064	0.154	0.337
0.150	0.122	0.723	0.005
>CCCAGCWSCY	17-CCCAGCWSCY	7.332453	-259.440118	0	T:335.0(79.76%),B:424.9(21.53%),P:1e-112	Tpos:1005.6,Tstd:582.3,Bpos:999.8,Bstd:711.9,StrandBias:0.1,Multiplicity:1.81
0.048	0.568	0.068	0.316
0.062	0.561	0.045	0.332
0.011	0.934	0.021	0.034
0.841	0.038	0.015	0.106
0.034	0.059	0.843	0.064
0.069	0.626	0.251	0.054
0.431	0.089	0.051	0.428
0.144	0.412	0.279	0.165
0.093	0.646	0.021	0.240
0.055	0.435	0.033	0.477
>TGAGBTCARG	18-TGAGBTCARG	8.515906	-258.633671	0	T:291.0(69.29%),B:272.0(13.78%),P:1e-112	Tpos:895.0,Tstd:514.5,Bpos:1017.9,Bstd:689.2,StrandBias:0.0,Multiplicity:1.80
0.032	0.194	0.195	0.579
0.001	0.001	0.997	0.001
0.574	0.001	0.417	0.008
0.169	0.106	0.665	0.060
0.020	0.296	0.283	0.401
0.001	0.249	0.001	0.749
0.001	0.997	0.001	0.001
0.934	0.001	0.041	0.024
0.429	0.001	0.569	0.001
0.092	0.055	0.852	0.001
>ATCCTCCTGC	19-ATCCTCCTGC	9.508142	-258.058572	0	T:210.0(50.00%),B:82.2(4.16%),P:1e-112	Tpos:886.2,Tstd:501.4,Bpos:961.9,Bstd:549.8,StrandBias:0.3,Multiplicity:1.90
0.859	0.045	0.001	0.095
0.045	0.045	0.001	0.909
0.001	0.609	0.045	0.345
0.001	0.997	0.001	0.001
0.320	0.028	0.102	0.550
0.001	0.981	0.001	0.017
0.001	0.997	0.001	0.001
0.084	0.350	0.001	0.565
0.151	0.001	0.847	0.001
0.001	0.953	0.045	0.001
>ACAGAGHGAG	20-ACAGAGHGAG	9.787922	-229.672866	0	T:208.0(49.52%),B:105.7(5.36%),P:1e-99	Tpos:873.5,Tstd:523.1,Bpos:937.6,Bstd:766.2,StrandBias:0.3,Multiplicity:1.34
0.945	0.021	0.033	0.001
0.047	0.725	0.227	0.001
0.997	0.001	0.001	0.001
0.001	0.001	0.997	0.001
0.997	0.001	0.001	0.001
0.001	0.001	0.997	0.001
0.322	0.285	0.081	0.313
0.361	0.001	0.637	0.001
0.997	0.001	0.001	0.001
0.137	0.001	0.861	0.001
>AACATGGTGA	21-AACATGGTGA	9.634864	-215.128224	0	T:165.0(39.29%),B:47.3(2.40%),P:1e-93	Tpos:824.8,Tstd:504.6,Bpos:1031.4,Bstd:698.3,StrandBias:-0.1,Multiplicity:1.34
0.997	0.001	0.001	0.001
0.997	0.001	0.001	0.001
0.001	0.957	0.041	0.001
0.997	0.001	0.001	0.001
0.001	0.156	0.001	0.842
0.113	0.001	0.885	0.001
0.001	0.001	0.997	0.001
0.072	0.047	0.001	0.880
0.001	0.001	0.997	0.001
0.997	0.001	0.001	0.001
>AAAAAAAAAA	22-AAAAAAAAAA	8.875470	-214.561478	0	T:333.0(79.29%),B:508.3(25.76%),P:1e-93	Tpos:857.7,Tstd:502.6,Bpos:964.8,Bstd:701.7,StrandBias:-0.0,Multiplicity:1.64
0.997	0.001	0.001	0.001
0.997	0.001	0.001	0.001
0.930	0.001	0.001	0.068
0.629	0.056	0.025	0.290
0.606	0.001	0.001	0.392
0.725	0.001	0.001	0.273
0.758	0.001	0.001	0.240
0.763	0.044	0.031	0.162
0.726	0.001	0.001	0.272
0.697	0.001	0.001	0.301
>CTTYCTTTCY	23-CTTYCTTTCY	7.502494	-211.362418	0	T:380.0(90.48%),B:760.6(38.55%),P:1e-91	Tpos:1004.2,Tstd:545.1,Bpos:999.4,Bstd:763.0,StrandBias:-0.4,Multiplicity:2.36
0.001	0.704	0.001	0.294
0.001	0.339	0.001	0.659
0.001	0.026	0.035	0.938
0.001	0.440	0.028	0.531
0.001	0.815	0.069	0.115
0.001	0.321	0.001	0.677
0.001	0.120	0.015	0.864
0.001	0.395	0.001	0.603
0.001	0.950	0.001	0.048
0.001	0.437	0.001	0.561
>WWTTTTAAAA	24-WWTTTTAAAA	8.157337	-114.926004	0	T:238.0(56.67%),B:382.9(19.41%),P:1e-49	Tpos:903.0,Tstd:532.7,Bpos:963.1,Bstd:688.4,StrandBias:0.1,Multiplicity:1.67
0.488	0.048	0.053	0.411
0.299	0.157	0.158	0.387
0.234	0.042	0.098	0.626
0.091	0.150	0.034	0.725
0.037	0.090	0.001	0.872
0.158	0.161	0.001	0.680
0.728	0.008	0.001	0.263
0.967	0.001	0.031	0.001
0.905	0.001	0.048	0.046
0.728	0.047	0.092	0.133
>GTGTGTGTGT	25-GTGTGTGTGT	10.412311	-112.606930	0	T:83.0(19.76%),B:16.3(0.83%),P:1e-48	Tpos:1068.4,Tstd:533.4,Bpos:777.2,Bstd:577.9,StrandBias:-0.3,Multiplicity:1.43
0.048	0.038	0.913	0.001
0.028	0.024	0.001	0.947
0.001	0.001	0.997	0.001
0.001	0.001	0.001	0.997
0.001	0.001	0.997	0.001
0.001	0.001	0.001	0.997
0.001	0.001	0.997	0.001
0.001	0.001	0.001	0.997
0.001	0.001	0.937	0.061
0.001	0.001	0.040	0.958
>RGGAGGYNGAGR	1-RGGAGGYNGAGR	9.752769	-477.311205	0	T:261.0(62.14%),B:20.5(1.04%),P:1e-207	Tpos:823.7,Tstd:501.8,Bpos:771.2,Bstd:461.0,StrandBias:-0.3,Multiplicity:3.01
0.394	0.021	0.466	0.119
0.107	0.010	0.868	0.015
0.172	0.020	0.798	0.010
0.904	0.025	0.054	0.017
0.197	0.007	0.791	0.005
0.208	0.028	0.521	0.243
0.112	0.355	0.169	0.364
0.208	0.277	0.245	0.270
0.289	0.040	0.661	0.010
0.933	0.017	0.035	0.015
0.119	0.015	0.858	0.008
0.375	0.101	0.488	0.036
>TGTAATCCCAGC	2-TGTAATCCCAGC	9.249511	-469.389150	0	T:244.0(58.10%),B:8.0(0.41%),P:1e-203	Tpos:791.9,Tstd:503.2,Bpos:1023.4,Bstd:243.3,StrandBias:-0.2,Multiplicity:2.69
0.001	0.001	0.001	0.997
0.054	0.001	0.944	0.001
0.001	0.001	0.001	0.997
0.966	0.001	0.032	0.001
0.788	0.001	0.210	0.001
0.001	0.001	0.001	0.997
0.001	0.997	0.001	0.001
0.001	0.913	0.001	0.085
0.001	0.962	0.001	0.036
0.997	0.001	0.001	0.001
0.001	0.001	0.997	0.001
0.001	0.997	0.001	0.001
>YTGGGAGGCKGA	3-YTGGGAGGCKGA	9.765506	-453.402223	0	T:273.0(65.00%),B:45.8(2.32%),P:1e-196	Tpos:875.6,Tstd:534.0,Bpos:1045.8,Bstd:750.8,StrandBias:-0.3,Multiplicity:1.35
0.010	0.434	0.020	0.536
0.010	0.273	0.121	0.596
0.081	0.060	0.718	0.141
0.091	0.010	0.879	0.020
0.060	0.040	0.899	0.001
0.899	0.001	0.030	0.070
0.091	0.020	0.888	0.001
0.020	0.010	0.950	0.020
0.050	0.939	0.001	0.010
0.211	0.202	0.222	0.365
0.081	0.060	0.849	0.010
0.869	0.060	0.070	0.001
>GAGACRGGGTYT	4-GAGACRGGGTYT	10.733150	-429.904807	0	T:234.0(55.71%),B:13.8(0.70%),P:1e-186	Tpos:800.8,Tstd:490.1,Bpos:968.5,Bstd:633.7,StrandBias:0.1,Multiplicity:1.79
0.070	0.020	0.860	0.050
0.920	0.010	0.050	0.020
0.079	0.001	0.919	0.001
0.840	0.020	0.110	0.030
0.021	0.620	0.020	0.339
0.438	0.001	0.521	0.040
0.190	0.020	0.789	0.001
0.309	0.001	0.660	0.030
0.042	0.010	0.918	0.030
0.010	0.060	0.030	0.900
0.010	0.539	0.010	0.441
0.001	0.001	0.029	0.969
>WGNCCAGSCTGG	5-WGNCCAGSCTGG	9.698118	-416.406333	0	T:240.0(57.14%),B:24.0(1.22%),P:1e-180	Tpos:840.7,Tstd:501.2,Bpos:879.6,Bstd:834.3,StrandBias:0.0,Multiplicity:2.08
0.455	0.180	0.023	0.342
0.203	0.236	0.503	0.058
0.196	0.343	0.197	0.264
0.020	0.867	0.003	0.110
0.025	0.896	0.008	0.071
0.961	0.003	0.008	0.028
0.069	0.023	0.882	0.026
0.008	0.445	0.524	0.023
0.061	0.858	0.028	0.053
0.043	0.020	0.008	0.929
0.023	0.018	0.936	0.023
0.048	0.028	0.899	0.025
>AAAAAAAAAAAA	6-AAAAAAAAAAAA	2.789976	-402.046784	0	T:332.0(79.05%),B:206.2(10.45%),P:1e-174	Tpos:886.7,Tstd:531.4,Bpos:938.8,Bstd:668.0,StrandBias:0.0,Multiplicity:2.98
0.997	0.001	0.001	0.001
0.997	0.001	0.001	0.001
0.997	0.001	0.001	0.001
0.997	0.001	0.001	0.001
0.997	0.001	0.001	0.001
0.997	0.001	0.001	0.001
0.997	0.001	0.001	0.001
0.929	0.001	0.069	0.001
0.997	0.001	0.001	0.001
0.997	0.001	0.001	0.001
0.997	0.001	0.001	0.001
0.997	0.001	0.001	0.001
>GAGACCAGCCTG	7-GAGACCAGCCTG	10.082235	-380.602596	0	T:232.0(55.24%),B:32.4(1.64%),P:1e-165	Tpos:894.2,Tstd:542.9,Bpos:846.2,Bstd:639.2,StrandBias:-0.1,Multiplicity:1.26
0.155	0.122	0.709	0.014
0.958	0.001	0.001	0.040
0.022	0.054	0.923	0.001
0.841	0.036	0.109	0.014
0.082	0.809	0.095	0.014
0.031	0.851	0.001	0.117
0.828	0.081	0.001	0.090
0.050	0.096	0.702	0.152
0.027	0.909	0.001	0.063
0.014	0.890	0.027	0.069
0.108	0.068	0.001	0.823
0.077	0.095	0.801	0.027
>GTGGCKCAYGCC	8-GTGGCKCAYGCC	9.356535	-379.982888	0	T:240.0(57.14%),B:42.3(2.14%),P:1e-165	Tpos:811.7,Tstd:497.3,Bpos:1063.0,Bstd:691.7,StrandBias:-0.4,Multiplicity:2.06
0.077	0.053	0.869	0.001
0.042	0.042	0.012	0.904
0.065	0.001	0.928	0.006
0.066	0.036	0.838	0.060
0.036	0.659	0.054	0.251
0.215	0.078	0.318	0.389
0.048	0.640	0.258	0.054
0.478	0.150	0.276	0.096
0.090	0.456	0.108	0.347
0.275	0.054	0.611	0.060
0.001	0.803	0.095	0.101
0.018	0.833	0.006	0.143
>TTGCAGTGAGCC	9-TTGCAGTGAGCC	8.906070	-377.891864	0	T:201.0(47.86%),B:5.6(0.28%),P:1e-164	Tpos:827.6,Tstd:482.3,Bpos:561.9,Bstd:438.6,StrandBias:-0.1,Multiplicity:1.43
0.004	0.106	0.001	0.889
0.001	0.004	0.004	0.991
0.023	0.001	0.972	0.004
0.004	0.991	0.001	0.004
0.972	0.001	0.026	0.001
0.018	0.001	0.972	0.009
0.004	0.004	0.001	0.991
0.004	0.001	0.991	0.004
0.991	0.004	0.001	0.004
0.004	0.001	0.991	0.004
0.001	0.994	0.004	0.001
0.018	0.842	0.001	0.139
>AGCTCAGGWGWT	10-AGCTCAGGWGWT	10.403597	-377.175846	0	T:226.0(53.81%),B:27.9(1.42%),P:1e-163	Tpos:815.0,Tstd:489.7,Bpos:1119.2,Bstd:358.1,StrandBias:-0.0,Multiplicity:2.03
0.758	0.001	0.240	0.001
0.145	0.204	0.650	0.001
0.066	0.592	0.225	0.117
0.015	0.285	0.022	0.678
0.007	0.912	0.001	0.080
0.992	0.001	0.001	0.006
0.270	0.001	0.728	0.001
0.036	0.021	0.942	0.001
0.512	0.001	0.036	0.451
0.051	0.029	0.884	0.036
0.439	0.001	0.102	0.459
0.001	0.001	0.047	0.951
>TTYYTTYYTTYT	11-TTYYTTYYTTYT	7.827145	-323.685660	0	T:379.0(90.24%),B:502.1(25.45%),P:1e-140	Tpos:1000.4,Tstd:523.1,Bpos:1033.6,Bstd:743.1,StrandBias:-0.2,Multiplicity:1.59
0.131	0.312	0.001	0.556
0.004	0.352	0.098	0.546
0.007	0.419	0.009	0.565
0.141	0.378	0.007	0.474
0.006	0.309	0.001	0.684
0.005	0.388	0.010	0.597
0.008	0.452	0.013	0.527
0.107	0.390	0.004	0.499
0.002	0.376	0.005	0.617
0.007	0.409	0.007	0.577
0.031	0.525	0.004	0.440
0.212	0.308	0.006	0.475
>ACGCCCGGCTAA	12-ACGCCCGGCTAA	10.489343	-313.825939	0	T:184.0(43.81%),B:14.8(0.75%),P:1e-136	Tpos:830.7,Tstd:512.1,Bpos:989.8,Bstd:659.9,StrandBias:0.2,Multiplicity:1.42
0.805	0.001	0.162	0.032
0.032	0.721	0.049	0.198
0.311	0.001	0.640	0.048
0.001	0.805	0.032	0.162
0.001	0.934	0.001	0.064
0.016	0.559	0.016	0.409
0.278	0.001	0.720	0.001
0.001	0.001	0.997	0.001
0.001	0.950	0.001	0.048
0.048	0.146	0.001	0.805
0.918	0.001	0.080	0.001
0.951	0.016	0.001	0.032
>GCAGTGGYGCRA	13-GCAGTGGYGCRA	10.540802	-311.672849	0	T:183.0(43.57%),B:14.2(0.72%),P:1e-135	Tpos:851.7,Tstd:508.6,Bpos:980.9,Bstd:612.7,StrandBias:-0.3,Multiplicity:1.34
0.017	0.001	0.981	0.001
0.018	0.909	0.018	0.055
0.944	0.001	0.001	0.054
0.147	0.001	0.851	0.001
0.018	0.054	0.036	0.892
0.017	0.001	0.981	0.001
0.001	0.001	0.981	0.017
0.001	0.513	0.001	0.485
0.310	0.019	0.616	0.055
0.073	0.615	0.145	0.167
0.410	0.092	0.443	0.055
0.981	0.001	0.001	0.017
>GCGATTCTCCTG	14-GCGATTCTCCTG	10.163079	-295.526693	0	T:184.0(43.81%),B:22.4(1.14%),P:1e-128	Tpos:830.1,Tstd:492.0,Bpos:1006.7,Bstd:577.2,StrandBias:0.3,Multiplicity:1.44
0.097	0.065	0.837	0.001
0.146	0.478	0.114	0.262
0.181	0.293	0.445	0.082
0.951	0.001	0.032	0.016
0.017	0.065	0.065	0.853
0.001	0.392	0.001	0.606
0.016	0.935	0.016	0.033
0.180	0.048	0.001	0.771
0.016	0.935	0.001	0.048
0.098	0.755	0.033	0.114
0.065	0.149	0.032	0.754
0.051	0.033	0.900	0.016
>CAGAGCGAGACT	15-CAGAGCGAGACT	10.093302	-289.215086	0	T:180.0(42.86%),B:21.3(1.08%),P:1e-125	Tpos:837.8,Tstd:518.6,Bpos:747.1,Bstd:590.8,StrandBias:0.1,Multiplicity:1.18
0.039	0.842	0.001	0.118
0.940	0.020	0.020	0.020
0.085	0.060	0.795	0.060
0.959	0.001	0.020	0.020
0.059	0.039	0.901	0.001
0.137	0.576	0.001	0.286
0.238	0.178	0.505	0.079
0.899	0.001	0.060	0.040
0.019	0.001	0.979	0.001
0.900	0.040	0.059	0.001
0.019	0.901	0.001	0.079
0.119	0.264	0.039	0.578
>GTGATCCDCCCA	16-GTGATCCDCCCA	9.394110	-272.432340	0	T:213.0(50.71%),B:75.8(3.84%),P:1e-118	Tpos:908.0,Tstd:516.5,Bpos:1125.0,Bstd:635.4,StrandBias:0.2,Multiplicity:1.39
0.172	0.001	0.801	0.026
0.039	0.331	0.144	0.485
0.159	0.053	0.722	0.066
0.873	0.092	0.022	0.013
0.001	0.065	0.013	0.921
0.013	0.841	0.001	0.145
0.001	0.735	0.001	0.263
0.246	0.053	0.331	0.370
0.001	0.920	0.001	0.078
0.001	0.986	0.001	0.012
0.001	0.657	0.013	0.329
0.529	0.001	0.339	0.131
>CACYATGTTGGC	17-CACYATGTTGGC	9.426013	-259.723144	0	T:148.0(35.24%),B:6.4(0.32%),P:1e-112	Tpos:809.8,Tstd:507.3,Bpos:1153.0,Bstd:598.0,StrandBias:0.3,Multiplicity:1.24
0.001	0.700	0.015	0.284
0.485	0.269	0.211	0.035
0.001	0.596	0.142	0.261
0.008	0.458	0.119	0.415
0.519	0.012	0.334	0.135
0.127	0.104	0.015	0.754
0.089	0.027	0.723	0.161
0.012	0.185	0.146	0.657
0.015	0.004	0.262	0.719
0.334	0.008	0.643	0.015
0.111	0.342	0.535	0.012
0.019	0.620	0.115	0.246
>YYYCYYYCYYYC	18-YYYCYYYCYYYC	7.999789	-256.677328	0	T:243.0(57.86%),B:148.3(7.51%),P:1e-111	Tpos:1086.2,Tstd:545.3,Bpos:1023.6,Bstd:787.1,StrandBias:-0.3,Multiplicity:1.76
0.040	0.471	0.049	0.440
0.045	0.471	0.033	0.451
0.043	0.455	0.035	0.467
0.041	0.590	0.044	0.325
0.044	0.446	0.033	0.477
0.042	0.447	0.041	0.469
0.043	0.456	0.042	0.459
0.047	0.580	0.046	0.327
0.050	0.438	0.034	0.478
0.035	0.475	0.034	0.456
0.041	0.497	0.037	0.425
0.057	0.595	0.043	0.305
>RGRRRRRCAGGR	19-RGRRRRRCAGGR	7.822777	-241.673121	0	T:336.0(80.00%),B:463.7(23.50%),P:1e-104	Tpos:1072.7,Tstd:590.4,Bpos:1002.6,Bstd:772.2,StrandBias:-0.1,Multiplicity:1.75
0.339	0.039	0.436	0.186
0.212	0.029	0.666	0.093
0.394	0.034	0.529	0.043
0.412	0.044	0.493	0.050
0.381	0.096	0.491	0.032
0.282	0.175	0.429	0.113
0.377	0.082	0.391	0.149
0.058	0.568	0.342	0.032
0.996	0.001	0.001	0.002
0.001	0.001	0.997	0.001
0.392	0.042	0.563	0.003
0.449	0.001	0.549	0.001
>DGTGGRGARRGG	20-DGTGGRGARRGG	7.804800	-240.475782	0	T:360.0(85.71%),B:576.1(29.19%),P:1e-104	Tpos:1020.3,Tstd:585.5,Bpos:988.4,Bstd:770.2,StrandBias:-0.1,Multiplicity:1.64
0.396	0.001	0.343	0.260
0.099	0.231	0.669	0.001
0.355	0.001	0.001	0.643
0.314	0.001	0.647	0.038
0.032	0.074	0.772	0.122
0.537	0.001	0.461	0.001
0.203	0.001	0.795	0.001
0.751	0.003	0.001	0.245
0.395	0.180	0.261	0.164
0.553	0.001	0.445	0.001
0.273	0.003	0.718	0.006
0.003	0.010	0.830	0.157
>AAAAWAWWAAAA	21-AAAAWAWWAAAA	8.777064	-238.969309	0	T:347.0(82.62%),B:517.2(26.21%),P:1e-103	Tpos:838.7,Tstd:508.9,Bpos:975.7,Bstd:679.9,StrandBias:0.1,Multiplicity:1.86
0.646	0.001	0.023	0.330
0.662	0.004	0.085	0.249
0.997	0.001	0.001	0.001
0.724	0.001	0.001	0.274
0.543	0.001	0.001	0.455
0.616	0.001	0.079	0.304
0.487	0.112	0.001	0.400
0.540	0.001	0.001	0.458
0.570	0.070	0.085	0.275
0.955	0.001	0.043	0.001
0.640	0.073	0.001	0.286
0.548	0.001	0.054	0.397
>CGCGCCCRGCCC	22-CGCGCCCRGCCC	8.311275	-191.836679	0	T:261.0(62.14%),B:291.0(14.75%),P:1e-83	Tpos:1112.2,Tstd:598.0,Bpos:1002.9,Bstd:747.7,StrandBias:0.3,Multiplicity:1.63
0.009	0.590	0.152	0.249
0.195	0.322	0.482	0.001
0.001	0.525	0.213	0.261
0.176	0.090	0.537	0.197
0.001	0.961	0.037	0.001
0.001	0.886	0.109	0.004
0.001	0.747	0.001	0.251
0.387	0.095	0.517	0.001
0.001	0.061	0.937	0.001
0.001	0.812	0.186	0.001
0.008	0.990	0.001	0.001
0.090	0.544	0.095	0.271
>CCCSCCCCCSCC	23-CCCSCCCCCSCC	9.103956	-182.979394	0	T:190.0(45.24%),B:121.6(6.16%),P:1e-79	Tpos:1581.0,Tstd:536.0,Bpos:1077.1,Bstd:724.5,StrandBias:0.1,Multiplicity:1.94
0.001	0.804	0.194	0.001
0.001	0.957	0.041	0.001
0.061	0.709	0.182	0.048
0.089	0.467	0.381	0.064
0.021	0.760	0.185	0.034
0.030	0.933	0.036	0.001
0.033	0.751	0.167	0.049
0.012	0.945	0.001	0.042
0.121	0.499	0.279	0.101
0.048	0.465	0.447	0.039
0.001	0.902	0.078	0.019
0.012	0.978	0.009	0.001
>RGGAYCCAGGAA	24-RGGAYCCAGGAA	7.054622	-173.936242	0	T:354.0(84.29%),B:713.1(36.14%),P:1e-75	Tpos:994.4,Tstd:561.0,Bpos:976.3,Bstd:741.7,StrandBias:-0.1,Multiplicity:1.82
0.434	0.001	0.290	0.275
0.321	0.001	0.677	0.001
0.247	0.001	0.751	0.001
0.576	0.007	0.365	0.052
0.030	0.432	0.246	0.293
0.315	0.558	0.015	0.112
0.001	0.997	0.001	0.001
0.997	0.001	0.001	0.001
0.001	0.001	0.997	0.001
0.314	0.001	0.684	0.001
0.768	0.001	0.230	0.001
0.813	0.001	0.185	0.001
>GTGTGTGTGTGT	25-GTGTGTGTGTGT	9.596673	-109.421064	0	T:95.0(22.62%),B:34.0(1.72%),P:1e-47	Tpos:1094.1,Tstd:525.6,Bpos:1248.5,Bstd:491.6,StrandBias:-0.3,Multiplicity:1.46
0.102	0.060	0.754	0.084
0.078	0.081	0.073	0.768
0.066	0.038	0.836	0.060
0.063	0.052	0.042	0.843
0.052	0.014	0.889	0.045
0.060	0.038	0.035	0.867
0.045	0.038	0.886	0.031
0.060	0.038	0.049	0.853
0.080	0.028	0.833	0.059
0.032	0.028	0.063	0.877
0.077	0.031	0.801	0.091
0.073	0.059	0.066	0.802
>CCAGSCTG	1-CCAGSCTG	10.428768	-328.057620	0	T:254.0(60.48%),B:100.3(5.08%),P:1e-142	Tpos:853.3,Tstd:519.6,Bpos:990.7,Bstd:666.5,StrandBias:-0.2,Multiplicity:2.15
0.001	0.997	0.001	0.001
0.001	0.997	0.001	0.001
0.997	0.001	0.001	0.001
0.001	0.001	0.997	0.001
0.001	0.527	0.471	0.001
0.001	0.997	0.001	0.001
0.001	0.001	0.001	0.997
0.001	0.001	0.997	0.001
>TGGGAGGC	2-TGGGAGGC	10.762797	-323.965836	0	T:246.0(58.57%),B:89.1(4.52%),P:1e-140	Tpos:846.1,Tstd:518.8,Bpos:1076.9,Bstd:703.1,StrandBias:-0.2,Multiplicity:1.81
0.001	0.262	0.001	0.736
0.001	0.001	0.997	0.001
0.001	0.001	0.997	0.001
0.001	0.001	0.997	0.001
0.997	0.001	0.001	0.001
0.001	0.001	0.997	0.001
0.001	0.001	0.997	0.001
0.001	0.997	0.001	0.001
>CTGTAATC	3-CTGTAATC	8.236954	-263.176851	0	T:220.0(52.38%),B:95.3(4.83%),P:1e-114	Tpos:805.4,Tstd:506.3,Bpos:992.3,Bstd:563.9,StrandBias:-0.3,Multiplicity:2.01
0.100	0.700	0.100	0.100
0.100	0.100	0.100	0.700
0.100	0.100	0.700	0.100
0.100	0.100	0.100	0.700
0.700	0.100	0.100	0.100
0.700	0.100	0.100	0.100
0.100	0.100	0.100	0.700
0.100	0.700	0.100	0.100
>TGCAGTGR	4-TGCAGTGR	10.288436	-253.084649	0	T:264.0(62.86%),B:203.1(10.29%),P:1e-109	Tpos:847.6,Tstd:491.0,Bpos:1061.0,Bstd:774.8,StrandBias:-0.1,Multiplicity:2.20
0.001	0.001	0.001	0.997
0.001	0.001	0.997	0.001
0.001	0.997	0.001	0.001
0.997	0.001	0.001	0.001
0.001	0.001	0.997	0.001
0.001	0.001	0.001	0.997
0.001	0.001	0.997	0.001
0.540	0.001	0.458	0.001
>GAGGCAGG	5-GAGGCAGG	8.681394	-252.541396	0	T:261.0(62.14%),B:196.7(9.97%),P:1e-109	Tpos:879.0,Tstd:519.9,Bpos:1095.6,Bstd:678.4,StrandBias:-0.1,Multiplicity:1.82
0.088	0.001	0.910	0.001
0.997	0.001	0.001	0.001
0.001	0.001	0.997	0.001
0.148	0.001	0.850	0.001
0.001	0.891	0.107	0.001
0.867	0.001	0.131	0.001
0.001	0.001	0.997	0.001
0.126	0.001	0.872	0.001
>GTGGCTCA	6-GTGGCTCA	8.236954	-241.843233	0	T:204.0(48.57%),B:86.1(4.36%),P:1e-105	Tpos:804.4,Tstd:519.6,Bpos:1029.3,Bstd:515.4,StrandBias:-0.4,Multiplicity:1.61
0.100	0.100	0.700	0.100
0.100	0.100	0.100	0.700
0.100	0.100	0.700	0.100
0.100	0.100	0.700	0.100
0.100	0.700	0.100	0.100
0.100	0.100	0.100	0.700
0.100	0.700	0.100	0.100
0.700	0.100	0.100	0.100
>AAAAAAAA	7-AAAAAAAA	8.236954	-234.715947	0	T:279.0(66.43%),B:272.2(13.79%),P:1e-101	Tpos:876.6,Tstd:541.3,Bpos:980.9,Bstd:781.7,StrandBias:0.1,Multiplicity:1.96
0.700	0.100	0.100	0.100
0.700	0.100	0.100	0.100
0.700	0.100	0.100	0.100
0.700	0.100	0.100	0.100
0.700	0.100	0.100	0.100
0.700	0.100	0.100	0.100
0.700	0.100	0.100	0.100
0.700	0.100	0.100	0.100
>CAGCTACT	8-CAGCTACT	8.236954	-222.202240	0	T:197.0(46.90%),B:92.3(4.68%),P:1e-96	Tpos:832.5,Tstd:501.1,Bpos:1092.7,Bstd:829.3,StrandBias:-0.0,Multiplicity:1.52
0.100	0.700	0.100	0.100
0.700	0.100	0.100	0.100
0.100	0.100	0.700	0.100
0.100	0.700	0.100	0.100
0.100	0.100	0.100	0.700
0.700	0.100	0.100	0.100
0.100	0.700	0.100	0.100
0.100	0.100	0.100	0.700
>GCCTCCCG	9-GCCTCCCG	8.464778	-205.438440	0	T:289.0(68.81%),B:356.4(18.06%),P:1e-89	Tpos:979.7,Tstd:579.2,Bpos:1017.8,Bstd:756.2,StrandBias:-0.1,Multiplicity:1.64
0.001	0.001	0.997	0.001
0.001	0.997	0.001	0.001
0.001	0.997	0.001	0.001
0.001	0.001	0.001	0.997
0.001	0.997	0.001	0.001
0.001	0.997	0.001	0.001
0.129	0.641	0.001	0.229
0.001	0.001	0.883	0.115
>AAAATAAA	10-AAAATAAA	9.263190	-204.736154	0	T:307.0(73.10%),B:423.3(21.45%),P:1e-88	Tpos:856.8,Tstd:511.4,Bpos:983.5,Bstd:709.3,StrandBias:-0.2,Multiplicity:2.11
0.997	0.001	0.001	0.001
0.997	0.001	0.001	0.001
0.997	0.001	0.001	0.001
0.689	0.309	0.001	0.001
0.309	0.001	0.001	0.689
0.997	0.001	0.001	0.001
0.654	0.344	0.001	0.001
0.997	0.001	0.001	0.001
>CAKGCTGG	11-CAKGCTGG	7.185379	-201.873436	0	T:367.0(87.38%),B:708.2(35.89%),P:1e-87	Tpos:884.0,Tstd:557.8,Bpos:1038.7,Bstd:735.4,StrandBias:0.0,Multiplicity:2.06
0.056	0.813	0.130	0.001
0.797	0.104	0.001	0.098
0.047	0.001	0.478	0.475
0.001	0.001	0.997	0.001
0.001	0.582	0.161	0.256
0.121	0.001	0.001	0.877
0.001	0.001	0.997	0.001
0.069	0.001	0.929	0.001
>YCAGGAGT	12-YCAGGAGT	9.057414	-197.395171	0	T:291.0(69.29%),B:379.9(19.25%),P:1e-85	Tpos:895.6,Tstd:548.1,Bpos:970.5,Bstd:648.1,StrandBias:-0.3,Multiplicity:1.88
0.001	0.492	0.001	0.506
0.001	0.997	0.001	0.001
0.997	0.001	0.001	0.001
0.001	0.001	0.997	0.001
0.001	0.001	0.997	0.001
0.997	0.001	0.001	0.001
0.001	0.001	0.997	0.001
0.001	0.001	0.271	0.727
>AASTSCTG	13-AASTSCTG	8.422849	-193.403511	0	T:197.0(46.90%),B:123.6(6.27%),P:1e-83	Tpos:804.2,Tstd:513.6,Bpos:978.2,Bstd:737.2,StrandBias:0.3,Multiplicity:1.42
0.672	0.001	0.326	0.001
0.503	0.327	0.001	0.169
0.001	0.498	0.500	0.001
0.169	0.001	0.001	0.829
0.001	0.498	0.500	0.001
0.001	0.997	0.001	0.001
0.001	0.001	0.001	0.997
0.001	0.001	0.997	0.001
>GAGGTGGG	14-GAGGTGGG	8.543300	-183.418181	0	T:263.0(62.62%),B:312.8(15.85%),P:1e-79	Tpos:1101.4,Tstd:589.5,Bpos:1015.3,Bstd:698.6,StrandBias:-0.4,Multiplicity:1.63
0.001	0.001	0.997	0.001
0.873	0.001	0.047	0.079
0.001	0.001	0.997	0.001
0.114	0.068	0.817	0.001
0.125	0.175	0.001	0.699
0.001	0.001	0.997	0.001
0.001	0.001	0.997	0.001
0.109	0.001	0.889	0.001
>AAAAAAAA	15-AAAAAAAA	7.628297	-167.154075	0	T:387.0(92.14%),B:936.9(47.48%),P:1e-72	Tpos:927.0,Tstd:538.3,Bpos:982.2,Bstd:707.9,StrandBias:0.1,Multiplicity:2.67
0.920	0.001	0.078	0.001
0.955	0.043	0.001	0.001
0.787	0.082	0.130	0.001
0.659	0.001	0.242	0.098
0.640	0.126	0.233	0.001
0.854	0.075	0.070	0.001
0.958	0.001	0.040	0.001
0.884	0.001	0.074	0.041
>CCCCGCCC	16-CCCCGCCC	8.104133	-159.486472	0	T:313.0(74.52%),B:555.4(28.14%),P:1e-69	Tpos:1322.0,Tstd:595.2,Bpos:1037.6,Bstd:753.2,StrandBias:0.2,Multiplicity:2.96
0.001	0.997	0.001	0.001
0.001	0.997	0.001	0.001
0.106	0.892	0.001	0.001
0.174	0.713	0.001	0.112
0.180	0.001	0.678	0.141
0.001	0.997	0.001	0.001
0.001	0.997	0.001	0.001
0.001	0.997	0.001	0.001
>AAATTAGC	17-AAATTAGC	8.236954	-158.068730	0	T:186.0(44.29%),B:145.8(7.39%),P:1e-68	Tpos:834.5,Tstd:503.1,Bpos:1051.2,Bstd:739.1,StrandBias:-0.3,Multiplicity:1.38
0.700	0.100	0.100	0.100
0.700	0.100	0.100	0.100
0.700	0.100	0.100	0.100
0.100	0.100	0.100	0.700
0.100	0.100	0.100	0.700
0.700	0.100	0.100	0.100
0.100	0.100	0.700	0.100
0.100	0.700	0.100	0.100
>GGTTCAAG	18-GGTTCAAG	9.424257	-141.162249	0	T:202.0(48.10%),B:212.2(10.75%),P:1e-61	Tpos:834.1,Tstd:485.0,Bpos:900.7,Bstd:773.3,StrandBias:0.3,Multiplicity:1.33
0.001	0.001	0.997	0.001
0.001	0.001	0.997	0.001
0.001	0.193	0.001	0.805
0.001	0.001	0.001	0.997
0.001	0.997	0.001	0.001
0.997	0.001	0.001	0.001
0.997	0.001	0.001	0.001
0.001	0.001	0.997	0.001
>GAGAGAGA	19-GAGAGAGA	7.695062	-140.781092	0	T:343.0(81.67%),B:754.9(38.26%),P:1e-61	Tpos:929.9,Tstd:558.8,Bpos:967.4,Bstd:701.2,StrandBias:0.1,Multiplicity:2.05
0.064	0.090	0.845	0.001
0.997	0.001	0.001	0.001
0.001	0.001	0.997	0.001
0.751	0.067	0.066	0.116
0.069	0.126	0.804	0.001
0.934	0.001	0.064	0.001
0.071	0.001	0.927	0.001
0.997	0.001	0.001	0.001
>SCCAGSWG	20-SCCAGSWG	7.632509	-128.992337	0	T:295.0(70.24%),B:563.8(28.57%),P:1e-56	Tpos:1029.0,Tstd:600.8,Bpos:996.8,Bstd:751.5,StrandBias:0.2,Multiplicity:2.00
0.001	0.474	0.381	0.144
0.001	0.609	0.001	0.389
0.130	0.868	0.001	0.001
0.997	0.001	0.001	0.001
0.001	0.001	0.997	0.001
0.001	0.492	0.506	0.001
0.381	0.001	0.117	0.501
0.001	0.217	0.781	0.001
>GGGGTTTC	21-GGGGTTTC	9.503901	-128.324442	0	T:183.0(43.57%),B:185.8(9.42%),P:1e-55	Tpos:908.3,Tstd:530.6,Bpos:959.6,Bstd:611.8,StrandBias:0.2,Multiplicity:1.43
0.001	0.001	0.997	0.001
0.001	0.001	0.997	0.001
0.209	0.001	0.789	0.001
0.001	0.001	0.997	0.001
0.001	0.001	0.001	0.997
0.001	0.001	0.001	0.997
0.001	0.001	0.001	0.997
0.001	0.997	0.001	0.001
>CTCTACTA	22-CTCTACTA	8.236954	-111.697544	0	T:147.0(35.00%),B:126.5(6.41%),P:1e-48	Tpos:790.2,Tstd:490.6,Bpos:1028.9,Bstd:665.1,StrandBias:-0.2,Multiplicity:1.27
0.100	0.700	0.100	0.100
0.100	0.100	0.100	0.700
0.100	0.700	0.100	0.100
0.100	0.100	0.100	0.700
0.700	0.100	0.100	0.100
0.100	0.700	0.100	0.100
0.100	0.100	0.100	0.700
0.700	0.100	0.100	0.100
>RGGAAGGA	23-RGGAAGGA	7.299505	-107.916284	0	T:355.0(84.52%),B:936.5(47.46%),P:1e-46	Tpos:1126.5,Tstd:587.4,Bpos:1004.1,Bstd:747.8,StrandBias:0.1,Multiplicity:2.78
0.525	0.001	0.473	0.001
0.001	0.001	0.997	0.001
0.088	0.001	0.910	0.001
0.614	0.001	0.384	0.001
0.806	0.001	0.192	0.001
0.158	0.001	0.840	0.001
0.001	0.001	0.997	0.001
0.608	0.001	0.390	0.001
>CTGTAGTC	24-CTGTAGTC	8.236954	-87.724279	0	T:119.0(28.33%),B:102.9(5.22%),P:1e-38	Tpos:847.2,Tstd:520.6,Bpos:1008.1,Bstd:751.5,StrandBias:0.3,Multiplicity:1.23
0.100	0.700	0.100	0.100
0.100	0.100	0.100	0.700
0.100	0.100	0.700	0.100
0.100	0.100	0.100	0.700
0.700	0.100	0.100	0.100
0.100	0.100	0.700	0.100
0.100	0.100	0.100	0.700
0.100	0.700	0.100	0.100
>GTGTGTGT	25-GTGTGTGT	8.236954	-76.835559	0	T:103.0(24.52%),B:85.1(4.31%),P:1e-33	Tpos:1064.6,Tstd:534.1,Bpos:1019.4,Bstd:702.8,StrandBias:-0.3,Multiplicity:1.46
0.100	0.100	0.700	0.100
0.100	0.100	0.100	0.700
0.100	0.100	0.700	0.100
0.100	0.100	0.100	0.700
0.100	0.100	0.700	0.100
0.100	0.100	0.100	0.700
0.100	0.100	0.700	0.100
0.100	0.100	0.100	0.700
