>DGTGGRGARRGG	20-DGTGGRGARRGG,BestGuess:ZNF467(Zf)/HEK293-ZNF467.GFP-ChIP-Seq(GSE58341)/Homer(0.692)	7.804800	-240.475782	0	T:360.0(85.71%),B:576.1(29.19%),P:1e-104
0.396	0.001	0.343	0.260
0.099	0.231	0.669	0.001
0.355	0.001	0.001	0.643
0.314	0.001	0.647	0.038
0.032	0.074	0.772	0.122
0.537	0.001	0.461	0.001
0.203	0.001	0.795	0.001
0.751	0.003	0.001	0.245
0.395	0.180	0.261	0.164
0.553	0.001	0.445	0.001
0.273	0.003	0.718	0.006
0.003	0.010	0.830	0.157
