>CACYATGTTGGC	17-CACYATGTTGGC,BestGuess:RAV1/MA0582.2/Jaspar(0.698)	9.426013	-259.723144	0	T:148.0(35.24%),B:6.4(0.32%),P:1e-112
0.001	0.700	0.015	0.284
0.485	0.269	0.211	0.035
0.001	0.596	0.142	0.261
0.008	0.458	0.119	0.415
0.519	0.012	0.334	0.135
0.127	0.104	0.015	0.754
0.089	0.027	0.723	0.161
0.012	0.185	0.146	0.657
0.015	0.004	0.262	0.719
0.334	0.008	0.643	0.015
0.111	0.342	0.535	0.012
0.019	0.620	0.115	0.246
