>GTGGCKCAYGCC	8-GTGGCKCAYGCC,BestGuess:MET31/MA0333.2/Jaspar(0.755)	9.356535	-379.982888	0	T:240.0(57.14%),B:42.3(2.14%),P:1e-165
0.077	0.053	0.869	0.001
0.042	0.042	0.012	0.904
0.065	0.001	0.928	0.006
0.066	0.036	0.838	0.060
0.036	0.659	0.054	0.251
0.215	0.078	0.318	0.389
0.048	0.640	0.258	0.054
0.478	0.150	0.276	0.096
0.090	0.456	0.108	0.347
0.275	0.054	0.611	0.060
0.001	0.803	0.095	0.101
0.018	0.833	0.006	0.143
