>GCAGTGGYGCRA	13-GCAGTGGYGCRA,BestGuess:PB0091.1_Zbtb3_1/Jaspar(0.696)	10.540802	-311.672849	0	T:183.0(43.57%),B:14.2(0.72%),P:1e-135
0.017	0.001	0.981	0.001
0.018	0.909	0.018	0.055
0.944	0.001	0.001	0.054
0.147	0.001	0.851	0.001
0.018	0.054	0.036	0.892
0.017	0.001	0.981	0.001
0.001	0.001	0.981	0.017
0.001	0.513	0.001	0.485
0.310	0.019	0.616	0.055
0.073	0.615	0.145	0.167
0.410	0.092	0.443	0.055
0.981	0.001	0.001	0.017
