>CCYYTCYCCACH	20-DGTGGRGARRGG	7.804800	-240.475782	0	T:360.0(85.71%),B:576.1(29.19%),P:1e-104
0.157	0.830	0.010	0.003
0.006	0.718	0.003	0.273
0.001	0.445	0.001	0.553
0.164	0.261	0.180	0.395
0.245	0.001	0.003	0.751
0.001	0.795	0.001	0.203
0.001	0.461	0.001	0.537
0.122	0.772	0.074	0.032
0.038	0.647	0.001	0.314
0.643	0.001	0.001	0.355
0.001	0.669	0.231	0.099
0.260	0.343	0.001	0.396
