>GCGATTCTCCTG	14-GCGATTCTCCTG,BestGuess:LIN28A(CSD,Znf)/Homo_sapiens-RNCMPT00036-PBM/HughesRNA(0.709)	10.163079	-295.526693	0	T:184.0(43.81%),B:22.4(1.14%),P:1e-128
0.097	0.065	0.837	0.001
0.146	0.478	0.114	0.262
0.181	0.293	0.445	0.082
0.951	0.001	0.032	0.016
0.017	0.065	0.065	0.853
0.001	0.392	0.001	0.606
0.016	0.935	0.016	0.033
0.180	0.048	0.001	0.771
0.016	0.935	0.001	0.048
0.098	0.755	0.033	0.114
0.065	0.149	0.032	0.754
0.051	0.033	0.900	0.016
