>GTGTGTGTGTGT	25-GTGTGTGTGTGT	9.596673	-109.421064	0	T:95.0(22.62%),B:34.0(1.72%),P:1e-47
0.102	0.060	0.754	0.084
0.078	0.081	0.073	0.768
0.066	0.038	0.836	0.060
0.063	0.052	0.042	0.843
0.052	0.014	0.889	0.045
0.060	0.038	0.035	0.867
0.045	0.038	0.886	0.031
0.060	0.038	0.049	0.853
0.080	0.028	0.833	0.059
0.032	0.028	0.063	0.877
0.077	0.031	0.801	0.091
0.073	0.059	0.066	0.802
