>CCCSCCCCCSCC	23-CCCSCCCCCSCC	9.103956	-182.979394	0	T:190.0(45.24%),B:121.6(6.16%),P:1e-79
0.001	0.804	0.194	0.001
0.001	0.957	0.041	0.001
0.061	0.709	0.182	0.048
0.089	0.467	0.381	0.064
0.021	0.760	0.185	0.034
0.030	0.933	0.036	0.001
0.033	0.751	0.167	0.049
0.012	0.945	0.001	0.042
0.121	0.499	0.279	0.101
0.048	0.465	0.447	0.039
0.001	0.902	0.078	0.019
0.012	0.978	0.009	0.001
