>RGGAGGYNGAGR	1-RGGAGGYNGAGR,BestGuess:ZNF135/MA1587.1/Jaspar(0.862)	9.752769	-477.311205	0	T:261.0(62.14%),B:20.5(1.04%),P:1e-207
0.394	0.021	0.466	0.119
0.107	0.010	0.868	0.015
0.172	0.020	0.798	0.010
0.904	0.025	0.054	0.017
0.197	0.007	0.791	0.005
0.208	0.028	0.521	0.243
0.112	0.355	0.169	0.364
0.208	0.277	0.245	0.270
0.289	0.040	0.661	0.010
0.933	0.017	0.035	0.015
0.119	0.015	0.858	0.008
0.375	0.101	0.488	0.036
