>GCCAACATRGTG	17-CACYATGTTGGC	9.426013	-259.723144	0	T:148.0(35.24%),B:6.4(0.32%),P:1e-112
0.246	0.115	0.620	0.019
0.012	0.535	0.342	0.111
0.015	0.643	0.008	0.334
0.719	0.262	0.004	0.015
0.657	0.146	0.185	0.012
0.161	0.723	0.027	0.089
0.754	0.015	0.104	0.127
0.135	0.334	0.012	0.519
0.415	0.119	0.458	0.008
0.261	0.142	0.596	0.001
0.035	0.211	0.269	0.485
0.284	0.015	0.700	0.001
