>GTGATCCDCCCA	16-GTGATCCDCCCA	9.394110	-272.432340	0	T:213.0(50.71%),B:75.8(3.84%),P:1e-118
0.172	0.001	0.801	0.026
0.039	0.331	0.144	0.485
0.159	0.053	0.722	0.066
0.873	0.092	0.022	0.013
0.001	0.065	0.013	0.921
0.013	0.841	0.001	0.145
0.001	0.735	0.001	0.263
0.246	0.053	0.331	0.370
0.001	0.920	0.001	0.078
0.001	0.986	0.001	0.012
0.001	0.657	0.013	0.329
0.529	0.001	0.339	0.131
