>CCAGSCTGGNCW	5-WGNCCAGSCTGG	9.698118	-416.406333	0	T:240.0(57.14%),B:24.0(1.22%),P:1e-180
0.025	0.899	0.028	0.048
0.023	0.936	0.018	0.023
0.929	0.008	0.020	0.043
0.053	0.028	0.858	0.061
0.023	0.524	0.445	0.008
0.026	0.882	0.023	0.069
0.028	0.008	0.003	0.961
0.071	0.008	0.896	0.025
0.110	0.003	0.867	0.020
0.264	0.197	0.343	0.196
0.058	0.503	0.236	0.203
0.342	0.023	0.180	0.455
