>YYYCYYYCYYYC	18-YYYCYYYCYYYC	7.999789	-256.677328	0	T:243.0(57.86%),B:148.3(7.51%),P:1e-111
0.040	0.471	0.049	0.440
0.045	0.471	0.033	0.451
0.043	0.455	0.035	0.467
0.041	0.590	0.044	0.325
0.044	0.446	0.033	0.477
0.042	0.447	0.041	0.469
0.043	0.456	0.042	0.459
0.047	0.580	0.046	0.327
0.050	0.438	0.034	0.478
0.035	0.475	0.034	0.456
0.041	0.497	0.037	0.425
0.057	0.595	0.043	0.305
