>TTYYTTYYTTYT	11-TTYYTTYYTTYT	7.827145	-323.685660	0	T:379.0(90.24%),B:502.1(25.45%),P:1e-140
0.131	0.312	0.001	0.556
0.004	0.352	0.098	0.546
0.007	0.419	0.009	0.565
0.141	0.378	0.007	0.474
0.006	0.309	0.001	0.684
0.005	0.388	0.010	0.597
0.008	0.452	0.013	0.527
0.107	0.390	0.004	0.499
0.002	0.376	0.005	0.617
0.007	0.409	0.007	0.577
0.031	0.525	0.004	0.440
0.212	0.308	0.006	0.475
